[gd_scene load_steps=16 format=2]

[ext_resource path="res://sample car.tscn" type="PackedScene" id=1]
[ext_resource path="res://Camera/cam_chase.tscn" type="PackedScene" id=2]
[ext_resource path="res://scenes/Motor_selection_3/Modelo/track_m=0.tscn" type="PackedScene" id=3]
[ext_resource path="res://Assets/Models/Trees/2/plane/Plane_tree_2.tscn" type="PackedScene" id=4]
[ext_resource path="res://Assets/Models/Trees/1/plane/Tree_Green_Plane.tscn" type="PackedScene" id=5]
[ext_resource path="res://Assets/Models/Trees/3/plane/Plane_tree_pink_3.tscn" type="PackedScene" id=6]
[ext_resource path="res://Assets/Models/carpa/carpa.tscn" type="PackedScene" id=10]
[ext_resource path="res://scenes/Car_motor_properties/Car_Engine_propiesties.gd" type="Script" id=11]
[ext_resource path="res://scenes/Motor_selection/Rally_1/Scripts/Rally_1.gd" type="Script" id=12]
[ext_resource path="res://scenes/User_Interface_Rally_Competition/User_Interface_Rally.tscn" type="PackedScene" id=13]

[sub_resource type="QuadMesh" id=7]
size = Vector2( 100, 20 )

[sub_resource type="ConcavePolygonShape" id=8]
data = PoolVector3Array( -50, -10, 0, -50, 10, 0, 50, 10, 0, -50, -10, 0, 50, 10, 0, 50, -10, 0 )

[sub_resource type="QuadMesh" id=9]
size = Vector2( 60, 20 )

[sub_resource type="ConcavePolygonShape" id=10]
data = PoolVector3Array( -30, -10, 0, -30, 10, 0, 30, 10, 0, -30, -10, 0, 30, 10, 0, 30, -10, 0 )

[sub_resource type="ConcavePolygonShape" id=11]
data = PoolVector3Array( -30, -10, 0, -30, 10, 0, 30, 10, 0, -30, -10, 0, 30, 10, 0, 30, -10, 0 )

[node name="Rally_1" type="Spatial"]
script = ExtResource( 12 )

[node name="car" parent="." instance=ExtResource( 1 )]
transform = Transform( 0.0041886, 0, 0.999991, 0, 1, 0, -0.999991, 0, 0.0041886, 29.3921, 2.5554, 0.235117 )
script = ExtResource( 11 )

[node name="cam_chase" parent="." instance=ExtResource( 2 )]
transform = Transform( -0.00514825, 0, -0.999987, 0, 1, 0, 0.999987, 0, -0.00514825, 14.524, 1.28458, 0.195925 )

[node name="DirectionalLight" type="DirectionalLight" parent="."]
transform = Transform( -0.991925, 0.0999576, 0.0780533, 0, -0.615455, 0.788172, 0.126822, 0.781808, 0.610485, 0, 22.2931, 0 )
light_energy = 2.0

[node name="Elemets_Track" type="Spatial" parent="."]

[node name="star_Barrer" type="MeshInstance" parent="Elemets_Track"]
transform = Transform( -0.00652739, 0, 0.999978, 0, 1, 0, -0.999978, 0, -0.00652739, 14.4272, 7.07036, 1.69648 )
visible = false
mesh = SubResource( 7 )

[node name="StaticBody" type="StaticBody" parent="Elemets_Track/star_Barrer"]

[node name="CollisionShape" type="CollisionShape" parent="Elemets_Track/star_Barrer/StaticBody"]
shape = SubResource( 8 )

[node name="Tardet_Barrer2" type="MeshInstance" parent="Elemets_Track"]
transform = Transform( -0.0298758, 0, -0.999554, 0, 1, 0, 0.999554, 0, -0.0298758, 2123.91, 1838.16, -60.3977 )
visible = false
mesh = SubResource( 7 )

[node name="StaticBody" type="StaticBody" parent="Elemets_Track/Tardet_Barrer2"]

[node name="CollisionShape" type="CollisionShape" parent="Elemets_Track/Tardet_Barrer2/StaticBody"]
shape = SubResource( 8 )

[node name="carpa" parent="Elemets_Track" instance=ExtResource( 10 )]
transform = Transform( 6, 0, 0, 0, 6, 0, 0, 0, 4.5, 31.7115, -1.9262, 0.856428 )

[node name="carpa2" parent="Elemets_Track" instance=ExtResource( 10 )]
transform = Transform( 6.00001, 0, 0, 0, 6, 0, 0, 0, 4.5, 2148.47, -0.605063, -65.2397 )

[node name="stages" type="Spatial" parent="."]

[node name="INICIO" type="MeshInstance" parent="stages"]
transform = Transform( -0.00369966, 0, 0.999993, 0, 1, 0, -0.999993, 0, -0.00369966, 37.0714, 11.2693, -0.0444349 )
mesh = SubResource( 9 )

[node name="Salida" type="Area" parent="stages/INICIO"]

[node name="CollisionShape" type="CollisionShape" parent="stages/INICIO/Salida"]
shape = SubResource( 10 )

[node name="LLEGADA" type="MeshInstance" parent="stages"]
transform = Transform( -0.0105769, 0, -0.999945, 0, 1, 0, 0.999945, 0, -0.0105769, 2137.31, 11.1233, -65.2232 )
visible = false
mesh = SubResource( 9 )

[node name="Llegada" type="Area" parent="stages/LLEGADA"]

[node name="CollisionShape" type="CollisionShape" parent="stages/LLEGADA/Llegada"]
shape = SubResource( 11 )

[node name="Control" parent="." instance=ExtResource( 13 )]

[node name="track_m=0" parent="." instance=ExtResource( 3 )]
transform = Transform( 100, 0, 0, 0, 100, 0, 0, 0, 100, 0, 0, 0 )

[node name="Spatial" type="Spatial" parent="."]

[node name="Tree" type="Spatial" parent="."]

[node name="Tree_Green_Plane" parent="Tree" instance=ExtResource( 5 )]
transform = Transform( 1, 0, 0, 0, 1, 0, 0, 0, 1, 73.8673, -0.50133, -37.7301 )

[node name="Tree_Green_Plane2" parent="Tree" instance=ExtResource( 5 )]
transform = Transform( 1, 0, 0, 0, 1, 0, 0, 0, 1, 112.018, -0.50133, -49.7634 )

[node name="Tree_Green_Plane3" parent="Tree" instance=ExtResource( 5 )]
transform = Transform( 1, 0, 0, 0, 1, 0, 0, 0, 1, 148.119, -0.50133, -45.3876 )

[node name="Tree_Green_Plane4" parent="Tree" instance=ExtResource( 5 )]
transform = Transform( 1, 0, 0, 0, 1, 0, 0, 0, 1, 203.886, -0.50133, -40.8308 )

[node name="Tree_Green_Plane5" parent="Tree" instance=ExtResource( 5 )]
transform = Transform( 1, 0, 0, 0, 1, 0, 0, 0, 1, 265.295, -0.50133, -52.3314 )

[node name="Tree_Green_Plane6" parent="Tree" instance=ExtResource( 5 )]
transform = Transform( 1, 0, 0, 0, 1, 0, 0, 0, 1, 355.13, -0.50133, -43.4347 )

[node name="Tree_Green_Plane7" parent="Tree" instance=ExtResource( 5 )]
transform = Transform( 1, 0, 0, 0, 1, 0, 0, 0, 1, 360.104, -0.50133, -31.1714 )

[node name="Tree_Green_Plane8" parent="Tree" instance=ExtResource( 5 )]
transform = Transform( 1, 0, 0, 0, 1, 0, 0, 0, 1, 398.255, -0.50133, -43.2048 )

[node name="Tree_Green_Plane9" parent="Tree" instance=ExtResource( 5 )]
transform = Transform( 1, 0, 0, 0, 1, 0, 0, 0, 1, 434.355, -0.50133, -38.829 )

[node name="Tree_Green_Plane10" parent="Tree" instance=ExtResource( 5 )]
transform = Transform( 1, 0, 0, 0, 1, 0, 0, 0, 1, 490.123, -0.50133, -34.2722 )

[node name="Tree_Green_Plane11" parent="Tree" instance=ExtResource( 5 )]
transform = Transform( 1, 0, 0, 0, 1, 0, 0, 0, 1, 551.532, -0.50133, -45.7728 )

[node name="Tree_Green_Plane12" parent="Tree" instance=ExtResource( 5 )]
transform = Transform( 1, 0, 0, 0, 1, 0, 0, 0, 1, 641.367, -0.50133, -36.8761 )

[node name="Tree_Green_Plane13" parent="Tree" instance=ExtResource( 5 )]
transform = Transform( 0.96313, 0, 0.269037, 0, 1, 0, -0.269037, 0, 0.96313, 563.513, -0.50133, -101.4 )

[node name="Tree_Green_Plane14" parent="Tree" instance=ExtResource( 5 )]
transform = Transform( 0.96313, 0, 0.269037, 0, 1, 0, -0.269037, 0, 0.96313, 597.02, -0.50133, -123.253 )

[node name="Tree_Green_Plane15" parent="Tree" instance=ExtResource( 5 )]
transform = Transform( 0.96313, 0, 0.269037, 0, 1, 0, -0.269037, 0, 0.96313, 632.967, -0.50133, -128.751 )

[node name="Tree_Green_Plane16" parent="Tree" instance=ExtResource( 5 )]
transform = Transform( 0.96313, 0, 0.269037, 0, 1, 0, -0.269037, 0, 0.96313, 687.904, -0.50133, -139.366 )

[node name="Tree_Green_Plane17" parent="Tree" instance=ExtResource( 5 )]
transform = Transform( 0.96313, 0, 0.269037, 0, 1, 0, -0.269037, 0, 0.96313, 743.955, -0.50133, -166.964 )

[node name="Tree_Green_Plane18" parent="Tree" instance=ExtResource( 5 )]
transform = Transform( 0.96313, 0, 0.269037, 0, 1, 0, -0.269037, 0, 0.96313, 832.871, -0.50133, -182.564 )

[node name="Tree_Green_Plane19" parent="Tree" instance=ExtResource( 5 )]
transform = Transform( 0.999972, 0, 0.00748739, 0, 1, 0, -0.00748739, 0, 0.999972, 25.5905, -0.50133, 85.4424 )

[node name="Tree_Green_Plane20" parent="Tree" instance=ExtResource( 5 )]
transform = Transform( 0.999972, 0, 0.00748739, 0, 1, 0, -0.00748739, 0, 0.999972, 63.6506, -0.50133, 73.1237 )

[node name="Tree_Green_Plane21" parent="Tree" instance=ExtResource( 5 )]
transform = Transform( 0.999972, 0, 0.00748739, 0, 1, 0, -0.00748739, 0, 0.999972, 99.7824, -0.50133, 77.229 )

[node name="Tree_Green_Plane22" parent="Tree" instance=ExtResource( 5 )]
transform = Transform( 0.999972, 0, 0.00748739, 0, 1, 0, -0.00748739, 0, 0.999972, 155.582, -0.50133, 81.3682 )

[node name="Tree_Green_Plane23" parent="Tree" instance=ExtResource( 5 )]
transform = Transform( 0.999972, 0, 0.00748739, 0, 1, 0, -0.00748739, 0, 0.999972, 216.904, -0.50133, 69.4081 )

[node name="Tree_Green_Plane24" parent="Tree" instance=ExtResource( 5 )]
transform = Transform( 0.999972, 0, 0.00748739, 0, 1, 0, -0.00748739, 0, 0.999972, 306.803, -0.50133, 77.632 )

[node name="Tree_Green_Plane25" parent="Tree" instance=ExtResource( 5 )]
transform = Transform( 0.999972, 0, 0.00748739, 0, 1, 0, -0.00748739, 0, 0.999972, 322.942, -0.50133, 94.545 )

[node name="Tree_Green_Plane26" parent="Tree" instance=ExtResource( 5 )]
transform = Transform( 0.999972, 0, 0.00748739, 0, 1, 0, -0.00748739, 0, 0.999972, 361.002, -0.50133, 82.2263 )

[node name="Tree_Green_Plane27" parent="Tree" instance=ExtResource( 5 )]
transform = Transform( 0.999972, 0, 0.00748739, 0, 1, 0, -0.00748739, 0, 0.999972, 397.133, -0.50133, 86.3316 )

[node name="Tree_Green_Plane28" parent="Tree" instance=ExtResource( 5 )]
transform = Transform( 0.999972, 0, 0.00748739, 0, 1, 0, -0.00748739, 0, 0.999972, 452.933, -0.50133, 90.4708 )

[node name="Tree_Green_Plane29" parent="Tree" instance=ExtResource( 5 )]
transform = Transform( 0.999972, 0, 0.00748739, 0, 1, 0, -0.00748739, 0, 0.999972, 514.255, -0.50133, 78.5107 )

[node name="Tree_Green_Plane30" parent="Tree" instance=ExtResource( 5 )]
transform = Transform( 0.999972, 0, 0.00748739, 0, 1, 0, -0.00748739, 0, 0.999972, 604.154, -0.50133, 86.7345 )

[node name="Tree_Green_Plane31" parent="Tree" instance=ExtResource( 5 )]
transform = Transform( 0.966493, 0, 0.256694, 0, 1, 0, -0.256694, 0, 0.966493, 576.168, -0.50133, 130.377 )

[node name="Tree_Green_Plane32" parent="Tree" instance=ExtResource( 5 )]
transform = Transform( 0.966493, 0, 0.256694, 0, 1, 0, -0.256694, 0, 0.966493, 609.952, -0.50133, 108.954 )

[node name="Tree_Green_Plane33" parent="Tree" instance=ExtResource( 5 )]
transform = Transform( 0.966493, 0, 0.256694, 0, 1, 0, -0.256694, 0, 0.966493, 645.965, -0.50133, 103.916 )

[node name="Tree_Green_Plane34" parent="Tree" instance=ExtResource( 5 )]
transform = Transform( 0.966493, 0, 0.256694, 0, 1, 0, -0.256694, 0, 0.966493, 701.034, -0.50133, 94.0054 )

[node name="Tree_Green_Plane35" parent="Tree" instance=ExtResource( 5 )]
transform = Transform( 0.966493, 0, 0.256694, 0, 1, 0, -0.256694, 0, 0.966493, 757.433, -0.50133, 67.1267 )

[node name="Tree_Green_Plane36" parent="Tree" instance=ExtResource( 5 )]
transform = Transform( 0.966493, 0, 0.256694, 0, 1, 0, -0.256694, 0, 0.966493, 846.542, -0.50133, 52.6651 )

[node name="Tree_Green_Plane37" parent="Tree" instance=ExtResource( 5 )]
transform = Transform( 0.999665, 0, -0.0258804, 0, 1, 0, 0.0258804, 0, 0.999665, 931.766, -0.50133, 43.1973 )

[node name="Tree_Green_Plane38" parent="Tree" instance=ExtResource( 5 )]
transform = Transform( 0.999665, 0, -0.0258804, 0, 1, 0, 0.0258804, 0, 0.999665, 970.216, -0.50133, 32.1553 )

[node name="Tree_Green_Plane39" parent="Tree" instance=ExtResource( 5 )]
transform = Transform( 0.999665, 0, -0.0258804, 0, 1, 0, 0.0258804, 0, 0.999665, 1006.19, -0.50133, 37.4639 )

[node name="Tree_Green_Plane40" parent="Tree" instance=ExtResource( 5 )]
transform = Transform( 0.999665, 0, -0.0258804, 0, 1, 0, 0.0258804, 0, 0.999665, 1061.82, -0.50133, 43.4625 )

[node name="Tree_Green_Plane41" parent="Tree" instance=ExtResource( 5 )]
transform = Transform( 0.999665, 0, -0.0258804, 0, 1, 0, 0.0258804, 0, 0.999665, 1123.51, -0.50133, 33.555 )

[node name="Tree_Green_Plane42" parent="Tree" instance=ExtResource( 5 )]
transform = Transform( 0.999665, 0, -0.0258804, 0, 1, 0, 0.0258804, 0, 0.999665, 1213.08, -0.50133, 44.7737 )

[node name="Tree_Green_Plane43" parent="Tree" instance=ExtResource( 5 )]
transform = Transform( 0.988612, 0, -0.150484, 0, 1, 0, 0.150484, 0, 0.988612, 1183.1, -0.50133, 32.6791 )

[node name="Tree_Green_Plane44" parent="Tree" instance=ExtResource( 5 )]
transform = Transform( 0.988612, 0, -0.150484, 0, 1, 0, 0.150484, 0, 0.988612, 1222.63, -0.50133, 26.5239 )

[node name="Tree_Green_Plane45" parent="Tree" instance=ExtResource( 5 )]
transform = Transform( 0.988612, 0, -0.150484, 0, 1, 0, 0.150484, 0, 0.988612, 1257.66, -0.50133, 36.2823 )

[node name="Tree_Green_Plane46" parent="Tree" instance=ExtResource( 5 )]
transform = Transform( 0.988612, 0, -0.150484, 0, 1, 0, 0.150484, 0, 0.988612, 1312.11, -0.50133, 49.1794 )

[node name="Tree_Green_Plane47" parent="Tree" instance=ExtResource( 5 )]
transform = Transform( 0.988612, 0, -0.150484, 0, 1, 0, 0.150484, 0, 0.988612, 1374.55, -0.50133, 47.0508 )

[node name="Tree_Green_Plane48" parent="Tree" instance=ExtResource( 5 )]
transform = Transform( 0.988612, 0, -0.150484, 0, 1, 0, 0.150484, 0, 0.988612, 1462.02, -0.50133, 69.3651 )

[node name="Tree_Green_Plane49" parent="Tree" instance=ExtResource( 5 )]
transform = Transform( 0.999442, 0, 0.0333993, 0, 1, 0, -0.0333993, 0, 0.999442, 1599.36, -0.50133, 65.5974 )

[node name="Tree_Green_Plane50" parent="Tree" instance=ExtResource( 5 )]
transform = Transform( 0.999442, 0, 0.0333993, 0, 1, 0, -0.0333993, 0, 0.999442, 1637.09, -0.50133, 52.2966 )

[node name="Tree_Green_Plane51" parent="Tree" instance=ExtResource( 5 )]
transform = Transform( 0.999442, 0, 0.0333993, 0, 1, 0, -0.0333993, 0, 0.999442, 1673.32, -0.50133, 55.4641 )

[node name="Tree_Green_Plane52" parent="Tree" instance=ExtResource( 5 )]
transform = Transform( 0.999442, 0, 0.0333993, 0, 1, 0, -0.0333993, 0, 0.999442, 1729.21, -0.50133, 58.1558 )

[node name="Tree_Green_Plane53" parent="Tree" instance=ExtResource( 5 )]
transform = Transform( 0.999442, 0, 0.0333993, 0, 1, 0, -0.0333993, 0, 0.999442, 1790.2, -0.50133, 44.6105 )

[node name="Tree_Green_Plane54" parent="Tree" instance=ExtResource( 5 )]
transform = Transform( 0.999442, 0, 0.0333993, 0, 1, 0, -0.0333993, 0, 0.999442, 1880.28, -0.50133, 50.5019 )

[node name="Tree_Green_Plane55" parent="Tree" instance=ExtResource( 5 )]
transform = Transform( 0.999442, 0, 0.0333993, 0, 1, 0, -0.0333993, 0, 0.999442, 1856.9, -0.50133, 18.7734 )

[node name="Tree_Green_Plane56" parent="Tree" instance=ExtResource( 5 )]
transform = Transform( 0.999442, 0, 0.0333993, 0, 1, 0, -0.0333993, 0, 0.999442, 1894.62, -0.50133, 5.47257 )

[node name="Tree_Green_Plane57" parent="Tree" instance=ExtResource( 5 )]
transform = Transform( 0.999442, 0, 0.0333993, 0, 1, 0, -0.0333993, 0, 0.999442, 1930.85, -0.50133, 8.64011 )

[node name="Tree_Green_Plane58" parent="Tree" instance=ExtResource( 5 )]
transform = Transform( 0.999442, 0, 0.0333993, 0, 1, 0, -0.0333993, 0, 0.999442, 1986.74, -0.50133, 11.3319 )

[node name="Tree_Green_Plane59" parent="Tree" instance=ExtResource( 5 )]
transform = Transform( 0.999442, 0, 0.0333993, 0, 1, 0, -0.0333993, 0, 0.999442, 2047.73, -0.50133, -2.21345 )

[node name="Tree_Green_Plane60" parent="Tree" instance=ExtResource( 5 )]
transform = Transform( 0.999442, 0, 0.0333993, 0, 1, 0, -0.0333993, 0, 0.999442, 2137.81, -0.50133, 3.67788 )

[node name="Plane_tree_2" parent="Tree" instance=ExtResource( 4 )]
transform = Transform( 0.328817, 0, 0.944394, 0, 1, 0, -0.944394, 0, 0.328817, 62.5121, 0.250452, -50.355 )

[node name="Plane_tree_3" parent="Tree" instance=ExtResource( 4 )]
transform = Transform( 0.328817, 0, 0.944394, 0, 1, 0, -0.944394, 0, 0.328817, 53.479, 0.250452, -66.2207 )

[node name="Plane_tree_4" parent="Tree" instance=ExtResource( 4 )]
transform = Transform( 0.328817, 0, 0.944394, 0, 1, 0, -0.944394, 0, 0.328817, 90.306, 0.250452, -68.8843 )

[node name="Plane_tree_5" parent="Tree" instance=ExtResource( 4 )]
transform = Transform( 0.328817, 0, 0.944394, 0, 1, 0, -0.944394, 0, 0.328817, 71.872, 0.250452, -64.7878 )

[node name="Plane_tree_6" parent="Tree" instance=ExtResource( 4 )]
transform = Transform( 0.328817, 0, 0.944394, 0, 1, 0, -0.944394, 0, 0.328817, 112.615, 0.250452, -59.4932 )

[node name="Plane_tree_7" parent="Tree" instance=ExtResource( 4 )]
transform = Transform( 0.328817, 0, 0.944394, 0, 1, 0, -0.944394, 0, 0.328817, 103.582, 0.250452, -75.3589 )

[node name="Plane_tree_8" parent="Tree" instance=ExtResource( 4 )]
transform = Transform( 0.328817, 0, 0.944394, 0, 1, 0, -0.944394, 0, 0.328817, 140.409, 0.250452, -78.0225 )

[node name="Plane_tree_9" parent="Tree" instance=ExtResource( 4 )]
transform = Transform( 0.328817, 0, 0.944394, 0, 1, 0, -0.944394, 0, 0.328817, 121.975, 0.250452, -73.9261 )

[node name="Plane_tree_10" parent="Tree" instance=ExtResource( 4 )]
transform = Transform( 0.328817, 0, 0.944394, 0, 1, 0, -0.944394, 0, 0.328817, -7.24384, 0.250452, -68.8566 )

[node name="Plane_tree_11" parent="Tree" instance=ExtResource( 4 )]
transform = Transform( 0.328817, 0, 0.944394, 0, 1, 0, -0.944394, 0, 0.328817, -16.2769, 0.250452, -84.7223 )

[node name="Plane_tree_12" parent="Tree" instance=ExtResource( 4 )]
transform = Transform( 0.328817, 0, 0.944394, 0, 1, 0, -0.944394, 0, 0.328817, 20.5501, 0.250452, -87.3858 )

[node name="Plane_tree_13" parent="Tree" instance=ExtResource( 4 )]
transform = Transform( 0.328817, 0, 0.944394, 0, 1, 0, -0.944394, 0, 0.328817, 2.1161, 0.250452, -83.2894 )

[node name="Plane_tree_14" parent="Tree" instance=ExtResource( 4 )]
transform = Transform( 0.328817, 0, 0.944394, 0, 1, 0, -0.944394, 0, 0.328817, 42.8589, 0.250452, -77.9948 )

[node name="Plane_tree_15" parent="Tree" instance=ExtResource( 4 )]
transform = Transform( 0.328817, 0, 0.944394, 0, 1, 0, -0.944394, 0, 0.328817, 33.8258, 0.250452, -93.8605 )

[node name="Plane_tree_16" parent="Tree" instance=ExtResource( 4 )]
transform = Transform( 0.328817, 0, 0.944394, 0, 1, 0, -0.944394, 0, 0.328817, 70.6528, 0.250452, -96.5241 )

[node name="Plane_tree_17" parent="Tree" instance=ExtResource( 4 )]
transform = Transform( 0.328817, 0, 0.944394, 0, 1, 0, -0.944394, 0, 0.328817, 52.2188, 0.250452, -92.4276 )

[node name="Plane_tree_18" parent="Tree" instance=ExtResource( 4 )]
transform = Transform( 0.328817, 0, 0.944394, 0, 1, 0, -0.944394, 0, 0.328817, 173.298, 0.250452, -85.6616 )

[node name="Plane_tree_19" parent="Tree" instance=ExtResource( 4 )]
transform = Transform( 0.328817, 0, 0.944394, 0, 1, 0, -0.944394, 0, 0.328817, 210.125, 0.250452, -88.3251 )

[node name="Plane_tree_20" parent="Tree" instance=ExtResource( 4 )]
transform = Transform( 0.328817, 0, 0.944394, 0, 1, 0, -0.944394, 0, 0.328817, 191.691, 0.250452, -84.2287 )

[node name="Plane_tree_21" parent="Tree" instance=ExtResource( 4 )]
transform = Transform( 0.328817, 0, 0.944394, 0, 1, 0, -0.944394, 0, 0.328817, 232.434, 0.250452, -78.9341 )

[node name="Plane_tree_22" parent="Tree" instance=ExtResource( 4 )]
transform = Transform( 0.328817, 0, 0.944394, 0, 1, 0, -0.944394, 0, 0.328817, 223.401, 0.250452, -94.7998 )

[node name="Plane_tree_23" parent="Tree" instance=ExtResource( 4 )]
transform = Transform( 0.328817, 0, 0.944394, 0, 1, 0, -0.944394, 0, 0.328817, 260.228, 0.250452, -97.4634 )

[node name="Plane_tree_24" parent="Tree" instance=ExtResource( 4 )]
transform = Transform( 0.328817, 0, 0.944394, 0, 1, 0, -0.944394, 0, 0.328817, 241.794, 0.250452, -93.3669 )

[node name="Plane_tree_25" parent="Tree" instance=ExtResource( 4 )]
transform = Transform( 0.328817, 0, 0.944394, 0, 1, 0, -0.944394, 0, 0.328817, 112.575, 0.250452, -88.2974 )

[node name="Plane_tree_26" parent="Tree" instance=ExtResource( 4 )]
transform = Transform( 0.328817, 0, 0.944394, 0, 1, 0, -0.944394, 0, 0.328817, 103.542, 0.250452, -104.163 )

[node name="Plane_tree_27" parent="Tree" instance=ExtResource( 4 )]
transform = Transform( 0.328817, 0, 0.944394, 0, 1, 0, -0.944394, 0, 0.328817, 140.369, 0.250452, -106.827 )

[node name="Plane_tree_28" parent="Tree" instance=ExtResource( 4 )]
transform = Transform( 0.328817, 0, 0.944394, 0, 1, 0, -0.944394, 0, 0.328817, 121.935, 0.250452, -102.73 )

[node name="Plane_tree_29" parent="Tree" instance=ExtResource( 4 )]
transform = Transform( 0.328817, 0, 0.944394, 0, 1, 0, -0.944394, 0, 0.328817, 162.678, 0.250452, -97.4356 )

[node name="Plane_tree_30" parent="Tree" instance=ExtResource( 4 )]
transform = Transform( 0.328817, 0, 0.944394, 0, 1, 0, -0.944394, 0, 0.328817, 153.645, 0.250452, -113.301 )

[node name="Plane_tree_31" parent="Tree" instance=ExtResource( 4 )]
transform = Transform( 0.328817, 0, 0.944394, 0, 1, 0, -0.944394, 0, 0.328817, 190.472, 0.250452, -115.965 )

[node name="Plane_tree_32" parent="Tree" instance=ExtResource( 4 )]
transform = Transform( 0.328817, 0, 0.944394, 0, 1, 0, -0.944394, 0, 0.328817, 172.038, 0.250452, -111.868 )

[node name="Plane_tree_33" parent="Tree" instance=ExtResource( 4 )]
transform = Transform( 0.328817, 0, 0.944394, 0, 1, 0, -0.944394, 0, 0.328817, 234.78, 0.250452, -39.6889 )

[node name="Plane_tree_34" parent="Tree" instance=ExtResource( 4 )]
transform = Transform( 0.328817, 0, 0.944394, 0, 1, 0, -0.944394, 0, 0.328817, 271.607, 0.250452, -42.3525 )

[node name="Plane_tree_35" parent="Tree" instance=ExtResource( 4 )]
transform = Transform( 0.328817, 0, 0.944394, 0, 1, 0, -0.944394, 0, 0.328817, 253.173, 0.250452, -38.2561 )

[node name="Plane_tree_36" parent="Tree" instance=ExtResource( 4 )]
transform = Transform( 0.328817, 0, 0.944394, 0, 1, 0, -0.944394, 0, 0.328817, 293.915, 0.250452, -32.9614 )

[node name="Plane_tree_37" parent="Tree" instance=ExtResource( 4 )]
transform = Transform( 0.328817, 0, 0.944394, 0, 1, 0, -0.944394, 0, 0.328817, 284.882, 0.250452, -48.8271 )

[node name="Plane_tree_38" parent="Tree" instance=ExtResource( 4 )]
transform = Transform( 0.328817, 0, 0.944394, 0, 1, 0, -0.944394, 0, 0.328817, 321.709, 0.250452, -51.4907 )

[node name="Plane_tree_39" parent="Tree" instance=ExtResource( 4 )]
transform = Transform( 0.328817, 0, 0.944394, 0, 1, 0, -0.944394, 0, 0.328817, 303.275, 0.250452, -47.3943 )

[node name="Plane_tree_40" parent="Tree" instance=ExtResource( 4 )]
transform = Transform( 0.328817, 0, 0.944394, 0, 1, 0, -0.944394, 0, 0.328817, 174.057, 0.250452, -42.3248 )

[node name="Plane_tree_41" parent="Tree" instance=ExtResource( 4 )]
transform = Transform( 0.328817, 0, 0.944394, 0, 1, 0, -0.944394, 0, 0.328817, 165.024, 0.250452, -58.1905 )

[node name="Plane_tree_42" parent="Tree" instance=ExtResource( 4 )]
transform = Transform( 0.328817, 0, 0.944394, 0, 1, 0, -0.944394, 0, 0.328817, 201.851, 0.250452, -60.8541 )

[node name="Plane_tree_43" parent="Tree" instance=ExtResource( 4 )]
transform = Transform( 0.328817, 0, 0.944394, 0, 1, 0, -0.944394, 0, 0.328817, 183.417, 0.250452, -56.7576 )

[node name="Plane_tree_44" parent="Tree" instance=ExtResource( 4 )]
transform = Transform( 0.328817, 0, 0.944394, 0, 1, 0, -0.944394, 0, 0.328817, 224.159, 0.250452, -51.463 )

[node name="Plane_tree_45" parent="Tree" instance=ExtResource( 4 )]
transform = Transform( 0.328817, 0, 0.944394, 0, 1, 0, -0.944394, 0, 0.328817, 215.126, 0.250452, -67.3287 )

[node name="Plane_tree_46" parent="Tree" instance=ExtResource( 4 )]
transform = Transform( 0.328817, 0, 0.944394, 0, 1, 0, -0.944394, 0, 0.328817, 251.953, 0.250452, -69.9923 )

[node name="Plane_tree_47" parent="Tree" instance=ExtResource( 4 )]
transform = Transform( 0.328817, 0, 0.944394, 0, 1, 0, -0.944394, 0, 0.328817, 233.519, 0.250452, -65.8959 )

[node name="Plane_tree_48" parent="Tree" instance=ExtResource( 4 )]
transform = Transform( 0.328817, 0, 0.944394, 0, 1, 0, -0.944394, 0, 0.328817, 354.599, 0.250452, -59.1298 )

[node name="Plane_tree_49" parent="Tree" instance=ExtResource( 4 )]
transform = Transform( 0.328817, 0, 0.944394, 0, 1, 0, -0.944394, 0, 0.328817, 391.426, 0.250452, -61.7934 )

[node name="Plane_tree_50" parent="Tree" instance=ExtResource( 4 )]
transform = Transform( 0.328817, 0, 0.944394, 0, 1, 0, -0.944394, 0, 0.328817, 372.992, 0.250452, -57.6969 )

[node name="Plane_tree_51" parent="Tree" instance=ExtResource( 4 )]
transform = Transform( 0.328817, 0, 0.944394, 0, 1, 0, -0.944394, 0, 0.328817, 413.735, 0.250452, -52.4023 )

[node name="Plane_tree_52" parent="Tree" instance=ExtResource( 4 )]
transform = Transform( 0.328817, 0, 0.944394, 0, 1, 0, -0.944394, 0, 0.328817, 404.701, 0.250452, -68.268 )

[node name="Plane_tree_53" parent="Tree" instance=ExtResource( 4 )]
transform = Transform( 0.328817, 0, 0.944394, 0, 1, 0, -0.944394, 0, 0.328817, 441.529, 0.250452, -70.9316 )

[node name="Plane_tree_54" parent="Tree" instance=ExtResource( 4 )]
transform = Transform( 0.328817, 0, 0.944394, 0, 1, 0, -0.944394, 0, 0.328817, 423.094, 0.250452, -66.8351 )

[node name="Plane_tree_55" parent="Tree" instance=ExtResource( 4 )]
transform = Transform( 0.328817, 0, 0.944394, 0, 1, 0, -0.944394, 0, 0.328817, 293.876, 0.250452, -61.7656 )

[node name="Plane_tree_56" parent="Tree" instance=ExtResource( 4 )]
transform = Transform( 0.328817, 0, 0.944394, 0, 1, 0, -0.944394, 0, 0.328817, 284.843, 0.250452, -77.6313 )

[node name="Plane_tree_57" parent="Tree" instance=ExtResource( 4 )]
transform = Transform( 0.328817, 0, 0.944394, 0, 1, 0, -0.944394, 0, 0.328817, 321.67, 0.250452, -80.2949 )

[node name="Plane_tree_58" parent="Tree" instance=ExtResource( 4 )]
transform = Transform( 0.328817, 0, 0.944394, 0, 1, 0, -0.944394, 0, 0.328817, 303.236, 0.250452, -76.1985 )

[node name="Plane_tree_59" parent="Tree" instance=ExtResource( 4 )]
transform = Transform( 0.328817, 0, 0.944394, 0, 1, 0, -0.944394, 0, 0.328817, 343.979, 0.250452, -70.9039 )

[node name="Plane_tree_60" parent="Tree" instance=ExtResource( 4 )]
transform = Transform( 0.328817, 0, 0.944394, 0, 1, 0, -0.944394, 0, 0.328817, 334.946, 0.250452, -86.7696 )

[node name="Plane_tree_61" parent="Tree" instance=ExtResource( 4 )]
transform = Transform( 0.328817, 0, 0.944394, 0, 1, 0, -0.944394, 0, 0.328817, 371.773, 0.250452, -89.4332 )

[node name="Plane_tree_62" parent="Tree" instance=ExtResource( 4 )]
transform = Transform( 0.328817, 0, 0.944394, 0, 1, 0, -0.944394, 0, 0.328817, 353.339, 0.250452, -85.3367 )

[node name="Plane_tree_63" parent="Tree" instance=ExtResource( 4 )]
transform = Transform( 0.328817, 0, 0.944394, 0, 1, 0, -0.944394, 0, 0.328817, 220.206, 0.250452, -121.735 )

[node name="Plane_tree_64" parent="Tree" instance=ExtResource( 4 )]
transform = Transform( 0.328817, 0, 0.944394, 0, 1, 0, -0.944394, 0, 0.328817, 257.033, 0.250452, -124.399 )

[node name="Plane_tree_65" parent="Tree" instance=ExtResource( 4 )]
transform = Transform( 0.328817, 0, 0.944394, 0, 1, 0, -0.944394, 0, 0.328817, 238.599, 0.250452, -120.302 )

[node name="Plane_tree_66" parent="Tree" instance=ExtResource( 4 )]
transform = Transform( 0.328817, 0, 0.944394, 0, 1, 0, -0.944394, 0, 0.328817, 279.341, 0.250452, -115.008 )

[node name="Plane_tree_67" parent="Tree" instance=ExtResource( 4 )]
transform = Transform( 0.328817, 0, 0.944394, 0, 1, 0, -0.944394, 0, 0.328817, 270.308, 0.250452, -130.873 )

[node name="Plane_tree_68" parent="Tree" instance=ExtResource( 4 )]
transform = Transform( 0.328817, 0, 0.944394, 0, 1, 0, -0.944394, 0, 0.328817, 307.135, 0.250452, -133.537 )

[node name="Plane_tree_69" parent="Tree" instance=ExtResource( 4 )]
transform = Transform( 0.328817, 0, 0.944394, 0, 1, 0, -0.944394, 0, 0.328817, 288.701, 0.250452, -129.44 )

[node name="Plane_tree_70" parent="Tree" instance=ExtResource( 4 )]
transform = Transform( 0.328817, 0, 0.944394, 0, 1, 0, -0.944394, 0, 0.328817, 159.483, 0.250452, -124.371 )

[node name="Plane_tree_71" parent="Tree" instance=ExtResource( 4 )]
transform = Transform( 0.328817, 0, 0.944394, 0, 1, 0, -0.944394, 0, 0.328817, 150.45, 0.250452, -140.237 )

[node name="Plane_tree_72" parent="Tree" instance=ExtResource( 4 )]
transform = Transform( 0.328817, 0, 0.944394, 0, 1, 0, -0.944394, 0, 0.328817, 187.277, 0.250452, -142.9 )

[node name="Plane_tree_73" parent="Tree" instance=ExtResource( 4 )]
transform = Transform( 0.328817, 0, 0.944394, 0, 1, 0, -0.944394, 0, 0.328817, 168.843, 0.250452, -138.804 )

[node name="Plane_tree_74" parent="Tree" instance=ExtResource( 4 )]
transform = Transform( 0.328817, 0, 0.944394, 0, 1, 0, -0.944394, 0, 0.328817, 209.585, 0.250452, -133.509 )

[node name="Plane_tree_75" parent="Tree" instance=ExtResource( 4 )]
transform = Transform( 0.328817, 0, 0.944394, 0, 1, 0, -0.944394, 0, 0.328817, 200.552, 0.250452, -149.375 )

[node name="Plane_tree_76" parent="Tree" instance=ExtResource( 4 )]
transform = Transform( 0.328817, 0, 0.944394, 0, 1, 0, -0.944394, 0, 0.328817, 237.379, 0.250452, -152.038 )

[node name="Plane_tree_77" parent="Tree" instance=ExtResource( 4 )]
transform = Transform( 0.328817, 0, 0.944394, 0, 1, 0, -0.944394, 0, 0.328817, 218.945, 0.250452, -147.942 )

[node name="Plane_tree_78" parent="Tree" instance=ExtResource( 4 )]
transform = Transform( 0.328817, 0, 0.944394, 0, 1, 0, -0.944394, 0, 0.328817, 340.025, 0.250452, -141.176 )

[node name="Plane_tree_79" parent="Tree" instance=ExtResource( 4 )]
transform = Transform( 0.328817, 0, 0.944394, 0, 1, 0, -0.944394, 0, 0.328817, 376.852, 0.250452, -143.839 )

[node name="Plane_tree_80" parent="Tree" instance=ExtResource( 4 )]
transform = Transform( 0.328817, 0, 0.944394, 0, 1, 0, -0.944394, 0, 0.328817, 358.418, 0.250452, -139.743 )

[node name="Plane_tree_81" parent="Tree" instance=ExtResource( 4 )]
transform = Transform( 0.328817, 0, 0.944394, 0, 1, 0, -0.944394, 0, 0.328817, 399.161, 0.250452, -134.448 )

[node name="Plane_tree_82" parent="Tree" instance=ExtResource( 4 )]
transform = Transform( 0.328817, 0, 0.944394, 0, 1, 0, -0.944394, 0, 0.328817, 390.127, 0.250452, -150.314 )

[node name="Plane_tree_83" parent="Tree" instance=ExtResource( 4 )]
transform = Transform( 0.328817, 0, 0.944394, 0, 1, 0, -0.944394, 0, 0.328817, 426.954, 0.250452, -152.978 )

[node name="Plane_tree_84" parent="Tree" instance=ExtResource( 4 )]
transform = Transform( 0.328817, 0, 0.944394, 0, 1, 0, -0.944394, 0, 0.328817, 408.52, 0.250452, -148.881 )

[node name="Plane_tree_85" parent="Tree" instance=ExtResource( 4 )]
transform = Transform( 0.328817, 0, 0.944394, 0, 1, 0, -0.944394, 0, 0.328817, 279.302, 0.250452, -143.812 )

[node name="Plane_tree_86" parent="Tree" instance=ExtResource( 4 )]
transform = Transform( 0.328817, 0, 0.944394, 0, 1, 0, -0.944394, 0, 0.328817, 270.269, 0.250452, -159.677 )

[node name="Plane_tree_87" parent="Tree" instance=ExtResource( 4 )]
transform = Transform( 0.328817, 0, 0.944394, 0, 1, 0, -0.944394, 0, 0.328817, 307.096, 0.250452, -162.341 )

[node name="Plane_tree_88" parent="Tree" instance=ExtResource( 4 )]
transform = Transform( 0.328817, 0, 0.944394, 0, 1, 0, -0.944394, 0, 0.328817, 288.662, 0.250452, -158.245 )

[node name="Plane_tree_89" parent="Tree" instance=ExtResource( 4 )]
transform = Transform( 0.328817, 0, 0.944394, 0, 1, 0, -0.944394, 0, 0.328817, 329.405, 0.250452, -152.95 )

[node name="Plane_tree_90" parent="Tree" instance=ExtResource( 4 )]
transform = Transform( 0.328817, 0, 0.944394, 0, 1, 0, -0.944394, 0, 0.328817, 320.372, 0.250452, -168.816 )

[node name="Plane_tree_91" parent="Tree" instance=ExtResource( 4 )]
transform = Transform( 0.328817, 0, 0.944394, 0, 1, 0, -0.944394, 0, 0.328817, 357.199, 0.250452, -171.479 )

[node name="Plane_tree_92" parent="Tree" instance=ExtResource( 4 )]
transform = Transform( 0.328817, 0, 0.944394, 0, 1, 0, -0.944394, 0, 0.328817, 338.765, 0.250452, -167.383 )

[node name="Plane_tree_93" parent="Tree" instance=ExtResource( 4 )]
transform = Transform( 0.328817, 0, 0.944394, 0, 1, 0, -0.944394, 0, 0.328817, 453.929, 0.250452, -93.1268 )

[node name="Plane_tree_94" parent="Tree" instance=ExtResource( 4 )]
transform = Transform( 0.328817, 0, 0.944394, 0, 1, 0, -0.944394, 0, 0.328817, 490.756, 0.250452, -95.7904 )

[node name="Plane_tree_95" parent="Tree" instance=ExtResource( 4 )]
transform = Transform( 0.328817, 0, 0.944394, 0, 1, 0, -0.944394, 0, 0.328817, 472.322, 0.250452, -91.694 )

[node name="Plane_tree_96" parent="Tree" instance=ExtResource( 4 )]
transform = Transform( 0.328817, 0, 0.944394, 0, 1, 0, -0.944394, 0, 0.328817, 513.065, 0.250452, -86.3994 )

[node name="Plane_tree_97" parent="Tree" instance=ExtResource( 4 )]
transform = Transform( 0.328817, 0, 0.944394, 0, 1, 0, -0.944394, 0, 0.328817, 504.032, 0.250452, -102.265 )

[node name="Plane_tree_98" parent="Tree" instance=ExtResource( 4 )]
transform = Transform( 0.328817, 0, 0.944394, 0, 1, 0, -0.944394, 0, 0.328817, 540.859, 0.250452, -104.929 )

[node name="Plane_tree_99" parent="Tree" instance=ExtResource( 4 )]
transform = Transform( 0.328817, 0, 0.944394, 0, 1, 0, -0.944394, 0, 0.328817, 522.425, 0.250452, -100.832 )

[node name="Plane_tree_100" parent="Tree" instance=ExtResource( 4 )]
transform = Transform( 0.328817, 0, 0.944394, 0, 1, 0, -0.944394, 0, 0.328817, 393.206, 0.250452, -95.7627 )

[node name="Plane_tree_101" parent="Tree" instance=ExtResource( 4 )]
transform = Transform( 0.328817, 0, 0.944394, 0, 1, 0, -0.944394, 0, 0.328817, 384.173, 0.250452, -111.628 )

[node name="Plane_tree_102" parent="Tree" instance=ExtResource( 4 )]
transform = Transform( 0.328817, 0, 0.944394, 0, 1, 0, -0.944394, 0, 0.328817, 421, 0.250452, -114.292 )

[node name="Plane_tree_103" parent="Tree" instance=ExtResource( 4 )]
transform = Transform( 0.328817, 0, 0.944394, 0, 1, 0, -0.944394, 0, 0.328817, 402.566, 0.250452, -110.196 )

[node name="Plane_tree_104" parent="Tree" instance=ExtResource( 4 )]
transform = Transform( 0.328817, 0, 0.944394, 0, 1, 0, -0.944394, 0, 0.328817, 443.309, 0.250452, -104.901 )

[node name="Plane_tree_105" parent="Tree" instance=ExtResource( 4 )]
transform = Transform( 0.328817, 0, 0.944394, 0, 1, 0, -0.944394, 0, 0.328817, 434.276, 0.250452, -120.767 )

[node name="Plane_tree_106" parent="Tree" instance=ExtResource( 4 )]
transform = Transform( 0.328817, 0, 0.944394, 0, 1, 0, -0.944394, 0, 0.328817, 471.103, 0.250452, -123.43 )

[node name="Plane_tree_107" parent="Tree" instance=ExtResource( 4 )]
transform = Transform( 0.328817, 0, 0.944394, 0, 1, 0, -0.944394, 0, 0.328817, 452.669, 0.250452, -119.334 )

[node name="Plane_tree_108" parent="Tree" instance=ExtResource( 4 )]
transform = Transform( 0.328817, 0, 0.944394, 0, 1, 0, -0.944394, 0, 0.328817, 573.748, 0.250452, -112.568 )

[node name="Plane_tree_109" parent="Tree" instance=ExtResource( 4 )]
transform = Transform( 0.328817, 0, 0.944394, 0, 1, 0, -0.944394, 0, 0.328817, 610.575, 0.250452, -115.231 )

[node name="Plane_tree_110" parent="Tree" instance=ExtResource( 4 )]
transform = Transform( 0.328817, 0, 0.944394, 0, 1, 0, -0.944394, 0, 0.328817, 592.141, 0.250452, -111.135 )

[node name="Plane_tree_111" parent="Tree" instance=ExtResource( 4 )]
transform = Transform( 0.328817, 0, 0.944394, 0, 1, 0, -0.944394, 0, 0.328817, 632.884, 0.250452, -105.84 )

[node name="Plane_tree_112" parent="Tree" instance=ExtResource( 4 )]
transform = Transform( 0.328817, 0, 0.944394, 0, 1, 0, -0.944394, 0, 0.328817, 623.851, 0.250452, -121.706 )

[node name="Plane_tree_113" parent="Tree" instance=ExtResource( 4 )]
transform = Transform( 0.328817, 0, 0.944394, 0, 1, 0, -0.944394, 0, 0.328817, 660.678, 0.250452, -124.37 )

[node name="Plane_tree_114" parent="Tree" instance=ExtResource( 4 )]
transform = Transform( 0.328817, 0, 0.944394, 0, 1, 0, -0.944394, 0, 0.328817, 642.244, 0.250452, -120.273 )

[node name="Plane_tree_115" parent="Tree" instance=ExtResource( 4 )]
transform = Transform( 0.328817, 0, 0.944394, 0, 1, 0, -0.944394, 0, 0.328817, 513.025, 0.250452, -115.204 )

[node name="Plane_tree_116" parent="Tree" instance=ExtResource( 4 )]
transform = Transform( 0.328817, 0, 0.944394, 0, 1, 0, -0.944394, 0, 0.328817, 503.992, 0.250452, -131.069 )

[node name="Plane_tree_117" parent="Tree" instance=ExtResource( 4 )]
transform = Transform( 0.328817, 0, 0.944394, 0, 1, 0, -0.944394, 0, 0.328817, 540.819, 0.250452, -133.733 )

[node name="Plane_tree_118" parent="Tree" instance=ExtResource( 4 )]
transform = Transform( 0.328817, 0, 0.944394, 0, 1, 0, -0.944394, 0, 0.328817, 522.385, 0.250452, -129.636 )

[node name="Plane_tree_119" parent="Tree" instance=ExtResource( 4 )]
transform = Transform( 0.328817, 0, 0.944394, 0, 1, 0, -0.944394, 0, 0.328817, 563.128, 0.250452, -124.342 )

[node name="Plane_tree_120" parent="Tree" instance=ExtResource( 4 )]
transform = Transform( 0.328817, 0, 0.944394, 0, 1, 0, -0.944394, 0, 0.328817, 554.095, 0.250452, -140.208 )

[node name="Plane_tree_121" parent="Tree" instance=ExtResource( 4 )]
transform = Transform( 0.328817, 0, 0.944394, 0, 1, 0, -0.944394, 0, 0.328817, 590.922, 0.250452, -142.871 )

[node name="Plane_tree_122" parent="Tree" instance=ExtResource( 4 )]
transform = Transform( 0.328817, 0, 0.944394, 0, 1, 0, -0.944394, 0, 0.328817, 572.488, 0.250452, -138.775 )

[node name="Plane_tree_123" parent="Tree" instance=ExtResource( 4 )]
transform = Transform( 0.328817, 0, 0.944394, 0, 1, 0, -0.944394, 0, 0.328817, 469.663, 0.250452, -171.798 )

[node name="Plane_tree_124" parent="Tree" instance=ExtResource( 4 )]
transform = Transform( 0.328817, 0, 0.944394, 0, 1, 0, -0.944394, 0, 0.328817, 506.49, 0.250452, -174.462 )

[node name="Plane_tree_125" parent="Tree" instance=ExtResource( 4 )]
transform = Transform( 0.328817, 0, 0.944394, 0, 1, 0, -0.944394, 0, 0.328817, 488.056, 0.250452, -170.365 )

[node name="Plane_tree_126" parent="Tree" instance=ExtResource( 4 )]
transform = Transform( 0.328817, 0, 0.944394, 0, 1, 0, -0.944394, 0, 0.328817, 528.799, 0.250452, -165.071 )

[node name="Plane_tree_127" parent="Tree" instance=ExtResource( 4 )]
transform = Transform( 0.328817, 0, 0.944394, 0, 1, 0, -0.944394, 0, 0.328817, 519.766, 0.250452, -180.936 )

[node name="Plane_tree_128" parent="Tree" instance=ExtResource( 4 )]
transform = Transform( 0.328817, 0, 0.944394, 0, 1, 0, -0.944394, 0, 0.328817, 556.593, 0.250452, -183.6 )

[node name="Plane_tree_129" parent="Tree" instance=ExtResource( 4 )]
transform = Transform( 0.328817, 0, 0.944394, 0, 1, 0, -0.944394, 0, 0.328817, 538.159, 0.250452, -179.503 )

[node name="Plane_tree_130" parent="Tree" instance=ExtResource( 4 )]
transform = Transform( 0.328817, 0, 0.944394, 0, 1, 0, -0.944394, 0, 0.328817, 408.94, 0.250452, -174.434 )

[node name="Plane_tree_131" parent="Tree" instance=ExtResource( 4 )]
transform = Transform( 0.328817, 0, 0.944394, 0, 1, 0, -0.944394, 0, 0.328817, 399.907, 0.250452, -190.3 )

[node name="Plane_tree_132" parent="Tree" instance=ExtResource( 4 )]
transform = Transform( 0.328817, 0, 0.944394, 0, 1, 0, -0.944394, 0, 0.328817, 436.734, 0.250452, -192.963 )

[node name="Plane_tree_133" parent="Tree" instance=ExtResource( 4 )]
transform = Transform( 0.328817, 0, 0.944394, 0, 1, 0, -0.944394, 0, 0.328817, 418.3, 0.250452, -188.867 )

[node name="Plane_tree_134" parent="Tree" instance=ExtResource( 4 )]
transform = Transform( 0.328817, 0, 0.944394, 0, 1, 0, -0.944394, 0, 0.328817, 459.043, 0.250452, -183.572 )

[node name="Plane_tree_135" parent="Tree" instance=ExtResource( 4 )]
transform = Transform( 0.328817, 0, 0.944394, 0, 1, 0, -0.944394, 0, 0.328817, 450.01, 0.250452, -199.438 )

[node name="Plane_tree_136" parent="Tree" instance=ExtResource( 4 )]
transform = Transform( 0.328817, 0, 0.944394, 0, 1, 0, -0.944394, 0, 0.328817, 486.837, 0.250452, -202.101 )

[node name="Plane_tree_137" parent="Tree" instance=ExtResource( 4 )]
transform = Transform( 0.328817, 0, 0.944394, 0, 1, 0, -0.944394, 0, 0.328817, 468.403, 0.250452, -198.005 )

[node name="Plane_tree_138" parent="Tree" instance=ExtResource( 4 )]
transform = Transform( 0.328817, 0, 0.944394, 0, 1, 0, -0.944394, 0, 0.328817, 589.482, 0.250452, -191.239 )

[node name="Plane_tree_139" parent="Tree" instance=ExtResource( 4 )]
transform = Transform( 0.328817, 0, 0.944394, 0, 1, 0, -0.944394, 0, 0.328817, 626.31, 0.250452, -193.902 )

[node name="Plane_tree_140" parent="Tree" instance=ExtResource( 4 )]
transform = Transform( 0.328817, 0, 0.944394, 0, 1, 0, -0.944394, 0, 0.328817, 607.875, 0.250452, -189.806 )

[node name="Plane_tree_141" parent="Tree" instance=ExtResource( 4 )]
