[gd_scene load_steps=27 format=2]

[ext_resource path="res://sample car.tscn" type="PackedScene" id=1]
[ext_resource path="res://Camera/cam_chase.tscn" type="PackedScene" id=2]
[ext_resource path="res://Assets/Models/Trees/2/plane/Plane_tree_2.tscn" type="PackedScene" id=3]
[ext_resource path="res://Assets/Models/Trees/1/plane/Tree_Green_Plane.tscn" type="PackedScene" id=4]
[ext_resource path="res://Assets/Models/Houses_Poly/House_2/Houses_Tiles_upmizaces_02.tscn" type="PackedScene" id=5]
[ext_resource path="res://Assets/Models/Houses_Poly/House_3/Houses_Tiles_upmizaces_03.tscn" type="PackedScene" id=6]
[ext_resource path="res://Assets/Models/Houses_Poly/House_4/Houses_Tiles_upmizaces_04.tscn" type="PackedScene" id=7]
[ext_resource path="res://Assets/Models/Houses_Poly/House_5/Houses_Tiles_upmizaces_05.tscn" type="PackedScene" id=8]
[ext_resource path="res://Assets/Models/Turbine_eolica/Turbina.tscn" type="PackedScene" id=9]
[ext_resource path="res://Assets/Models/carpa/carpa.tscn" type="PackedScene" id=10]
[ext_resource path="res://scenes/Car_motor_properties/Car_Engine_propiesties.gd" type="Script" id=11]
[ext_resource path="res://scenes/Motor_selection/Rally_1/Scripts/Rally_1.gd" type="Script" id=12]
[ext_resource path="res://scenes/User_Interface_Rally_Competition/User_Interface_Rally.tscn" type="PackedScene" id=13]
[ext_resource path="res://Assets/Models/Track_cartton_test/Elementos/Baner_0.tscn" type="PackedScene" id=14]
[ext_resource path="res://Assets/Models/Houses_Poly/House_1/Houses_Tiles_upmizaces_01.tscn" type="PackedScene" id=15]
[ext_resource path="res://Assets/Models/Trees/3/plane/Plane_tree_pink_3.tscn" type="PackedScene" id=16]
[ext_resource path="res://scenes/Motor_selection_2/Modelo/mapa_2y4.tscn" type="PackedScene" id=17]
[ext_resource path="res://Assets/Models/Houses_Poly/House_7/Houses_Tiles_upmizaces_07.tscn" type="PackedScene" id=18]
[ext_resource path="res://Assets/Models/Houses_Poly/House_6/Houses_Tiles_upmizaces_06.tscn" type="PackedScene" id=19]
[ext_resource path="res://Assets/Models/Houses_Poly/House_8/Houses_Tiles_upmizaces_08.tscn" type="PackedScene" id=20]
[ext_resource path="res://Assets/Models/Houses_Poly/Hpuse_9/Houses_Tiles_upmizaces_09.tscn" type="PackedScene" id=21]

[sub_resource type="QuadMesh" id=7]
size = Vector2( 100, 20 )

[sub_resource type="ConcavePolygonShape" id=8]
data = PoolVector3Array( -50, -10, 0, -50, 10, 0, 50, 10, 0, -50, -10, 0, 50, 10, 0, 50, -10, 0 )

[sub_resource type="QuadMesh" id=9]
size = Vector2( 60, 20 )

[sub_resource type="ConcavePolygonShape" id=10]
data = PoolVector3Array( -30, -10, 0, -30, 10, 0, 30, 10, 0, -30, -10, 0, 30, 10, 0, 30, -10, 0 )

[sub_resource type="ConcavePolygonShape" id=11]
data = PoolVector3Array( -30, -10, 0, -30, 10, 0, 30, 10, 0, -30, -10, 0, 30, 10, 0, 30, -10, 0 )

[node name="Rally_1" type="Spatial"]
script = ExtResource( 12 )

[node name="car" parent="." instance=ExtResource( 1 )]
transform = Transform( -0.00715561, 0, -0.999974, 0, 1, 0, 0.999974, 0, -0.00715561, 2949.15, 336.267, -2.11952 )
script = ExtResource( 11 )

[node name="cam_chase" parent="." instance=ExtResource( 2 )]
transform = Transform( 0.00811524, 0, 0.999967, 0, 1, 0, -0.999967, 0, 0.00811524, 2964.02, 333.783, -2.03614 )

[node name="DirectionalLight" type="DirectionalLight" parent="."]
transform = Transform( -0.991925, 0.0999576, 0.0780533, 0, -0.615455, 0.788172, 0.126822, 0.781808, 0.610485, 0, 22.2931, 0 )
light_energy = 2.0

[node name="Elemets_Track" type="Spatial" parent="."]

[node name="star_Barrer" type="MeshInstance" parent="Elemets_Track"]
transform = Transform( -0.415011, 0, 0.909816, 0, 1, 0, -0.909816, 0, -0.415011, 123.806, 26.2665, -45.7452 )
visible = false
mesh = SubResource( 7 )

[node name="StaticBody" type="StaticBody" parent="Elemets_Track/star_Barrer"]

[node name="CollisionShape" type="CollisionShape" parent="Elemets_Track/star_Barrer/StaticBody"]
shape = SubResource( 8 )

[node name="Tardet_Barrer2" type="MeshInstance" parent="Elemets_Track"]
transform = Transform( 0.00410131, 0, -0.999992, 0, 1, 0, 0.999992, 0, 0.00410131, 2965.85, 340.514, -3.21563 )
visible = false
mesh = SubResource( 7 )

[node name="StaticBody" type="StaticBody" parent="Elemets_Track/Tardet_Barrer2"]

[node name="CollisionShape" type="CollisionShape" parent="Elemets_Track/Tardet_Barrer2/StaticBody"]
shape = SubResource( 8 )

[node name="carpa" parent="Elemets_Track" instance=ExtResource( 10 )]
transform = Transform( 5.45122, 0, 1.88012, 0, 6, 0, -2.50682, 0, 4.08842, 137.031, 20.4265, -49.8524 )

[node name="carpa2" parent="Elemets_Track" instance=ExtResource( 10 )]
transform = Transform( 6.00001, 0, 0, 0, 6, 0, 0, 0, 4.5, 2949.27, 331.462, -4.22331 )

[node name="stages" type="Spatial" parent="."]

[node name="INICIO" type="MeshInstance" parent="stages"]
transform = Transform( -0.00300776, 0, 0.999993, 0, 1, 0, -0.812994, 0, -0.00369958, 2936.46, 342.13, -4.78164 )
visible = false
mesh = SubResource( 9 )

[node name="Salida" type="Area" parent="stages/INICIO"]

[node name="CollisionShape" type="CollisionShape" parent="stages/INICIO/Salida"]
shape = SubResource( 10 )

[node name="LLEGADA" type="MeshInstance" parent="stages"]
transform = Transform( 0.327736, 0, -0.912692, 0, 1, 0, 0.731979, 0, 0.408649, 148.462, 31.8397, -55.9275 )
visible = false
mesh = SubResource( 9 )

[node name="Llegada" type="Area" parent="stages/LLEGADA"]

[node name="CollisionShape" type="CollisionShape" parent="stages/LLEGADA/Llegada"]
shape = SubResource( 11 )

[node name="Control" parent="." instance=ExtResource( 13 )]

[node name="mapa_2y4" parent="." instance=ExtResource( 17 )]
transform = Transform( 100, 0, 0, 0, 100, 0, 0, 0, 100, 0, 0, 0 )

[node name="Track_elements" type="Spatial" parent="."]

[node name="Baner_0" parent="Track_elements" instance=ExtResource( 14 )]
transform = Transform( -0.0414328, -0.0279879, -1.22339e-09, 0, -2.18557e-09, 0.05, -0.0279879, 0.0414328, 1.81109e-09, 371.413, 35.8327, -117.234 )

[node name="Tree" type="Spatial" parent="."]

[node name="Tree_Green_Plane" parent="Tree" instance=ExtResource( 4 )]
transform = Transform( 1, 0, 0, 0, 1, 0, 0, 0, 1, 117.164, 36.9272, -91.372 )

[node name="Tree_Green_Plane2" parent="Tree" instance=ExtResource( 4 )]
transform = Transform( 1, 0, 0, 0, 1, 0, 0, 0, 1, 149.315, 36.9272, -107.8 )

[node name="Tree_Green_Plane3" parent="Tree" instance=ExtResource( 4 )]
transform = Transform( 1, 0, 0, 0, 1, 0, 0, 0, 1, 233.223, 36.9272, -142.887 )

[node name="Tree_Green_Plane4" parent="Tree" instance=ExtResource( 4 )]
transform = Transform( 1, 0, 0, 0, 1, 0, 0, 0, 1, 222.553, 36.9272, -138.314 )

[node name="Tree_Green_Plane5" parent="Tree" instance=ExtResource( 4 )]
transform = Transform( 1, 0, 0, 0, 1, 0, 0, 0, 1, 232.469, 36.9272, -153.188 )

[node name="Tree_Green_Plane6" parent="Tree" instance=ExtResource( 4 )]
transform = Transform( 1, 0, 0, 0, 1, 0, 0, 0, 1, 244.463, 36.9272, -150.949 )

[node name="Tree_Green_Plane7" parent="Tree" instance=ExtResource( 4 )]
transform = Transform( 1, 0, 0, 0, 1, 0, 0, 0, 1, 239.506, 36.9272, -157.026 )

[node name="Tree_Green_Plane8" parent="Tree" instance=ExtResource( 4 )]
transform = Transform( 1, 0, 0, 0, 1, 0, 0, 0, 1, 227.99, 36.9272, -160.705 )

[node name="Tree_Green_Plane9" parent="Tree" instance=ExtResource( 4 )]
transform = Transform( 1, 0, 0, 0, 1, 0, 0, 0, 1, 237.746, 36.9272, -167.102 )

[node name="Tree_Green_Plane10" parent="Tree" instance=ExtResource( 4 )]
transform = Transform( 1, 0, 0, 0, 1, 0, 0, 0, 1, 248.782, 36.9272, -159.425 )

[node name="Tree_Green_Plane11" parent="Tree" instance=ExtResource( 4 )]
transform = Transform( 1, 0, 0, 0, 1, 0, 0, 0, 1, 260.777, 36.9272, -161.024 )

[node name="Tree_Green_Plane12" parent="Tree" instance=ExtResource( 4 )]
transform = Transform( 1, 0, 0, 0, 1, 0, 0, 0, 1, 270.373, 36.9272, -163.903 )

[node name="Tree_Green_Plane13" parent="Tree" instance=ExtResource( 4 )]
transform = Transform( 1, 0, 0, 0, 1, 0, 0, 0, 1, 280.289, 36.9272, -165.662 )

[node name="Tree_Green_Plane14" parent="Tree" instance=ExtResource( 4 )]
transform = Transform( 1, 0, 0, 0, 1, 0, 0, 0, 1, 291.644, 36.9272, -166.462 )

[node name="Tree_Green_Plane15" parent="Tree" instance=ExtResource( 4 )]
transform = Transform( 1, 0, 0, 0, 1, 0, 0, 0, 1, 301.56, 36.9272, -167.742 )

[node name="Tree_Green_Plane16" parent="Tree" instance=ExtResource( 4 )]
transform = Transform( 1, 0, 0, 0, 1, 0, 0, 0, 1, 303.959, 36.9272, -175.098 )

[node name="Tree_Green_Plane17" parent="Tree" instance=ExtResource( 4 )]
transform = Transform( 1, 0, 0, 0, 1, 0, 0, 0, 1, 253.1, 36.9272, -165.822 )

[node name="Plane_tree_2" parent="Tree" instance=ExtResource( 3 )]
transform = Transform( 1, 0, 0, 0, 1, 0, 0, 0, 1, 127.164, 36.9087, -98.2801 )

[node name="Plane_tree_3" parent="Tree" instance=ExtResource( 3 )]
transform = Transform( 0.768183, 0, -0.64023, 0, 1, 0, 0.64023, 0, 0.768183, 136.795, 36.9087, -102.873 )

[node name="Plane_tree_4" parent="Tree" instance=ExtResource( 3 )]
transform = Transform( 0.768183, 0, -0.64023, 0, 1, 0, 0.64023, 0, 0.768183, 140.202, 36.9087, -111.466 )

[node name="Plane_tree_5" parent="Tree" instance=ExtResource( 3 )]
transform = Transform( 0.768183, 0, -0.64023, 0, 1, 0, 0.64023, 0, 0.768183, 159.611, 36.9087, -112.059 )

[node name="Plane_tree_6" parent="Tree" instance=ExtResource( 3 )]
transform = Transform( 0.768183, 0, -0.64023, 0, 1, 0, 0.64023, 0, 0.768183, 160.648, 36.9087, -120.134 )

[node name="Plane_tree_7" parent="Tree" instance=ExtResource( 3 )]
transform = Transform( 0.768183, 0, -0.64023, 0, 1, 0, 0.64023, 0, 0.768183, 177.796, 36.9087, -120.769 )

[node name="Plane_tree_8" parent="Tree" instance=ExtResource( 3 )]
transform = Transform( 0.768183, 0, -0.64023, 0, 1, 0, 0.64023, 0, 0.768183, 179.278, 36.9087, -129.066 )

[node name="Plane_tree_9" parent="Tree" instance=ExtResource( 3 )]
transform = Transform( 0.768183, 0, -0.64023, 0, 1, 0, 0.64023, 0, 0.768183, 349.181, 34.8136, -110.247 )

[node name="Plane_tree_24" parent="Tree" instance=ExtResource( 3 )]
transform = Transform( 0.768183, 0, -0.64023, 0, 1, 0, 0.64023, 0, 0.768183, 339.857, 34.8136, -103.529 )

[node name="Plane_tree_25" parent="Tree" instance=ExtResource( 3 )]
transform = Transform( 0.768183, 0, -0.64023, 0, 1, 0, 0.64023, 0, 0.768183, 345.342, 34.8136, -98.5925 )

[node name="Plane_tree_26" parent="Tree" instance=ExtResource( 3 )]
transform = Transform( 0.768183, 0, -0.64023, 0, 1, 0, 0.64023, 0, 0.768183, 352.883, 34.8136, -103.529 )

[node name="Plane_tree_27" parent="Tree" instance=ExtResource( 3 )]
transform = Transform( 0.768183, 0, -0.64023, 0, 1, 0, 0.64023, 0, 0.768183, 327.38, 32.6479, -102.02 )

[node name="Plane_tree_28" parent="Tree" instance=ExtResource( 3 )]
transform = Transform( 0.768183, 0, -0.64023, 0, 1, 0, 0.64023, 0, 0.768183, 333.55, 34.8136, -97.0842 )

[node name="Plane_tree_29" parent="Tree" instance=ExtResource( 3 )]
transform = Transform( 0.768183, 0, -0.64023, 0, 1, 0, 0.64023, 0, 0.768183, 336.703, 34.8136, -89.5427 )

[node name="Plane_tree_30" parent="Tree" instance=ExtResource( 3 )]
transform = Transform( 0.768183, 0, -0.64023, 0, 1, 0, 0.64023, 0, 0.768183, 316.959, 31.5726, -97.0842 )

[node name="Plane_tree_31" parent="Tree" instance=ExtResource( 3 )]
transform = Transform( 0.768183, 0, -0.64023, 0, 1, 0, 0.64023, 0, 0.768183, 324.774, 31.7117, -93.7934 )

[node name="Plane_tree_32" parent="Tree" instance=ExtResource( 3 )]
transform = Transform( 0.768183, 0, -0.64023, 0, 1, 0, 0.64023, 0, 0.768183, 321.072, 31.5373, -84.8807 )

[node name="Plane_tree_33" parent="Tree" instance=ExtResource( 3 )]
transform = Transform( 0.768183, 0, -0.64023, 0, 1, 0, 0.64023, 0, 0.768183, 306.538, 31.4212, -90.9139 )

[node name="Plane_tree_34" parent="Tree" instance=ExtResource( 3 )]
transform = Transform( 0.768183, 0, -0.64023, 0, 1, 0, 0.64023, 0, 0.768183, 313.256, 31.212, -86.1148 )

[node name="Plane_tree_35" parent="Tree" instance=ExtResource( 3 )]
transform = Transform( 0.768183, 0, -0.64023, 0, 1, 0, 0.64023, 0, 0.768183, 294.471, 29.5305, -86.2519 )

[node name="Plane_tree_36" parent="Tree" instance=ExtResource( 3 )]
transform = Transform( 0.768183, 0, -0.64023, 0, 1, 0, 0.64023, 0, 0.768183, 302.835, 30.1158, -81.8642 )

[node name="Plane_tree_37" parent="Tree" instance=ExtResource( 3 )]
transform = Transform( 0.768183, 0, -0.64023, 0, 1, 0, 0.64023, 0, 0.768183, 295.568, 30.1053, -77.2022 )

[node name="Plane_tree_38" parent="Tree" instance=ExtResource( 3 )]
transform = Transform( 0.768183, 0, -0.64023, 0, 1, 0, 0.64023, 0, 0.768183, 286.107, 29.6061, -80.7672 )

[node name="Plane_tree_39" parent="Tree" instance=ExtResource( 3 )]
transform = Transform( 0.768183, 0, -0.64023, 0, 1, 0, 0.64023, 0, 0.768183, 274.315, 27.878, -74.5969 )

[node name="Plane_tree_40" parent="Tree" instance=ExtResource( 3 )]
transform = Transform( 0.768183, 0, -0.64023, 0, 1, 0, 0.64023, 0, 0.768183, 283.228, 28.5854, -72.8144 )

[node name="Plane_tree_10" parent="Tree" instance=ExtResource( 3 )]
transform = Transform( 0.768183, 0, -0.64023, 0, 1, 0, 0.64023, 0, 0.768183, 196.464, 36.9087, -135.511 )

[node name="Plane_tree_11" parent="Tree" instance=ExtResource( 3 )]
transform = Transform( 0.768183, 0, -0.64023, 0, 1, 0, 0.64023, 0, 0.768183, 209.725, 36.9087, -132.399 )

[node name="Plane_tree_12" parent="Tree" instance=ExtResource( 3 )]
transform = Transform( 0.768183, 0, -0.64023, 0, 1, 0, 0.64023, 0, 0.768183, 210.466, 36.9087, -143.437 )

[node name="Plane_tree_pink_3" parent="Tree" instance=ExtResource( 16 )]
transform = Transform( 1, 0, 0, 0, 1, 0, 0, 0, 1, 103.549, 36.8132, -90.7685 )

[node name="Plane_tree_pink_4" parent="Tree" instance=ExtResource( 16 )]
transform = Transform( 1, 0, 0, 0, 1, 0, 0, 0, 1, 115.905, 36.8132, -103.297 )

[node name="Plane_tree_pink_5" parent="Tree" instance=ExtResource( 16 )]
transform = Transform( 1, 0, 0, 0, 1, 0, 0, 0, 1, 127.072, 36.8132, -111.526 )

[node name="Plane_tree_pink_6" parent="Tree" instance=ExtResource( 16 )]
transform = Transform( 1, 0, 0, 0, 1, 0, 0, 0, 1, 147.733, 36.8132, -121.403 )

[node name="Plane_tree_pink_7" parent="Tree" instance=ExtResource( 16 )]
transform = Transform( 1, 0, 0, 0, 1, 0, 0, 0, 1, 169.1, 36.8132, -133.397 )

[node name="Plane_tree_pink_8" parent="Tree" instance=ExtResource( 16 )]
transform = Transform( 1, 0, 0, 0, 1, 0, 0, 0, 1, 185.171, 36.8132, -138.84 )

[node name="Plane_tree_pink_9" parent="Tree" instance=ExtResource( 16 )]
transform = Transform( 1, 0, 0, 0, 1, 0, 0, 0, 1, 200.254, 36.8132, -149.398 )

[node name="Plane_tree_pink_10" parent="Tree" instance=ExtResource( 16 )]
transform = Transform( 1, 0, 0, 0, 1, 0, 0, 0, 1, 219.039, 36.8132, -156.665 )

[node name="Plane_tree_pink_11" parent="Tree" instance=ExtResource( 16 )]
transform = Transform( 1, 0, 0, 0, 1, 0, 0, 0, 1, 220.097, 36.8132, -146.085 )

[node name="Tree_Green_Plane18" parent="Tree" instance=ExtResource( 4 )]
transform = Transform( 1, 0, 0, 0, 1, 0, 0, 0, 1, 169.923, 0.115734, 23.4085 )

[node name="Tree_Green_Plane19" parent="Tree" instance=ExtResource( 4 )]
transform = Transform( 1, 0, 0, 0, 1, 0, 0, 0, 1, 202.073, 0.115734, 6.98058 )

[node name="Tree_Green_Plane20" parent="Tree" instance=ExtResource( 4 )]
transform = Transform( 0.999813, 0, -0.0193196, 0, 1, 0, 0.0193196, 0, 0.999813, 390.158, 57.2258, -218.102 )

[node name="Tree_Green_Plane23" parent="Tree" instance=ExtResource( 4 )]
transform = Transform( 0.999813, 0, -0.0193196, 0, 1, 0, 0.0193196, 0, 0.999813, 524.48, 53.7775, -152.597 )

[node name="Tree_Green_Plane24" parent="Tree" instance=ExtResource( 4 )]
transform = Transform( 0.999813, 0, -0.0193196, 0, 1, 0, 0.0193196, 0, 0.999813, 508.647, 52.1426, -157.235 )

[node name="Tree_Green_Plane21" parent="Tree" instance=ExtResource( 4 )]
transform = Transform( 0.999813, 0, -0.0193196, 0, 1, 0, 0.0193196, 0, 0.999813, 379.402, 57.2258, -213.736 )

[node name="Tree_Green_Plane22" parent="Tree" instance=ExtResource( 4 )]
transform = Transform( 0.999813, 0, -0.0193196, 0, 1, 0, 0.0193196, 0, 0.999813, 389.603, 57.2258, -228.415 )

[node name="Tree_Green_Plane25" parent="Tree" instance=ExtResource( 4 )]
transform = Transform( 0.999813, 0, -0.0193196, 0, 1, 0, 0.0193196, 0, 0.999813, 385.271, 57.2258, -236.017 )

[node name="Tree_Green_Plane30" parent="Tree" instance=ExtResource( 4 )]
transform = Transform( 0.999813, 0, -0.0193196, 0, 1, 0, 0.0193196, 0, 0.999813, 437.655, 57.2258, -239.964 )

[node name="Tree_Green_Plane31" parent="Tree" instance=ExtResource( 4 )]
transform = Transform( 0.999813, 0, -0.0193196, 0, 1, 0, 0.0193196, 0, 0.999813, 449.024, 57.2258, -240.544 )

[node name="Tree_Green_Plane35" parent="Tree" instance=ExtResource( 4 )]
transform = Transform( 0.999813, 0, -0.0193196, 0, 1, 0, 0.0193196, 0, 0.999813, 482.45, 57.2258, -252.859 )

[node name="Tree_Green_Plane36" parent="Tree" instance=ExtResource( 4 )]
transform = Transform( 0.999813, 0, -0.0193196, 0, 1, 0, 0.0193196, 0, 0.999813, 559.802, 57.2258, -249.784 )

[node name="Tree_Green_Plane37" parent="Tree" instance=ExtResource( 4 )]
transform = Transform( 0.999813, 0, -0.0193196, 0, 1, 0, 0.0193196, 0, 0.999813, 524.729, 57.2258, -262.886 )

[node name="Tree_Green_Plane38" parent="Tree" instance=ExtResource( 4 )]
transform = Transform( 0.999813, 0, -0.0193196, 0, 1, 0, 0.0193196, 0, 0.999813, 491.942, 57.2258, -260.807 )

[node name="Tree_Green_Plane39" parent="Tree" instance=ExtResource( 4 )]
transform = Transform( 0.999813, 0, -0.0193196, 0, 1, 0, 0.0193196, 0, 0.999813, 459.156, 57.2258, -261.446 )

[node name="Tree_Green_Plane32" parent="Tree" instance=ExtResource( 4 )]
transform = Transform( 0.999813, 0, -0.0193196, 0, 1, 0, 0.0193196, 0, 0.999813, 458.963, 57.2258, -241.632 )

[node name="Tree_Green_Plane33" parent="Tree" instance=ExtResource( 4 )]
transform = Transform( 0.999813, 0, -0.0193196, 0, 1, 0, 0.0193196, 0, 0.999813, 461.503, 57.2258, -248.941 )

[node name="Plane_tree_13" parent="Tree" instance=ExtResource( 3 )]
transform = Transform( 1, 0, 0, 0, 1, 0, 0, 0, 1, 179.923, 0.0972481, 16.5005 )

[node name="Plane_tree_14" parent="Tree" instance=ExtResource( 3 )]
transform = Transform( 0.768183, 0, -0.64023, 0, 1, 0, 0.64023, 0, 0.768183, 189.553, 0.0972481, 11.9075 )

[node name="Plane_tree_15" parent="Tree" instance=ExtResource( 3 )]
transform = Transform( 0.768183, 0, -0.64023, 0, 1, 0, 0.64023, 0, 0.768183, 192.961, 0.0972481, 3.31427 )

[node name="Plane_tree_16" parent="Tree" instance=ExtResource( 3 )]
transform = Transform( 0.768183, 0, -0.64023, 0, 1, 0, 0.64023, 0, 0.768183, 212.37, 0.0972481, 2.72163 )

[node name="Plane_tree_17" parent="Tree" instance=ExtResource( 3 )]
transform = Transform( 0.768183, 0, -0.64023, 0, 1, 0, 0.64023, 0, 0.768183, 213.407, 0.0972481, -5.35305 )

[node name="Plane_tree_18" parent="Tree" instance=ExtResource( 3 )]
transform = Transform( 0.755671, 0, -0.654952, 0, 1, 0, 0.654952, 0, 0.755671, 334.315, 57.2073, -197.059 )

[node name="Plane_tree_61" parent="Tree" instance=ExtResource( 3 )]
transform = Transform( 0.755671, 0, -0.654952, 0, 1, 0, 0.654952, 0, 0.755671, 426.475, 41.137, -140.003 )

[node name="Plane_tree_62" parent="Tree" instance=ExtResource( 3 )]
transform = Transform( 0.755671, 0, -0.654952, 0, 1, 0, 0.654952, 0, 0.755671, 460.617, 44.8023, -150.012 )

[node name="Plane_tree_63" parent="Tree" instance=ExtResource( 3 )]
transform = Transform( 0.755671, 0, -0.654952, 0, 1, 0, 0.654952, 0, 0.755671, 472.255, 46.7156, -151.305 )

[node name="Plane_tree_64" parent="Tree" instance=ExtResource( 3 )]
transform = Transform( 0.755671, 0, -0.654952, 0, 1, 0, 0.654952, 0, 0.755671, 481.072, 48.0256, -153.304 )

[node name="Plane_tree_65" parent="Tree" instance=ExtResource( 3 )]
transform = Transform( 0.755671, 0, -0.654952, 0, 1, 0, 0.654952, 0, 0.755671, 489.771, 48.8477, -153.421 )

[node name="Plane_tree_66" parent="Tree" instance=ExtResource( 3 )]
transform = Transform( 0.755671, 0, -0.654952, 0, 1, 0, 0.654952, 0, 0.755671, 496.354, 49.9859, -152.128 )

[node name="Plane_tree_77" parent="Tree" instance=ExtResource( 3 )]
transform = Transform( 0.755671, 0, -0.654952, 0, 1, 0, 0.654952, 0, 0.755671, 525.424, 54.0664, -143.627 )

[node name="Plane_tree_78" parent="Tree" instance=ExtResource( 3 )]
transform = Transform( 0.755671, 0, -0.654952, 0, 1, 0, 0.654952, 0, 0.755671, 533.103, 55.6029, -148.152 )

[node name="Plane_tree_79" parent="Tree" instance=ExtResource( 3 )]
transform = Transform( 0.755671, 0, -0.654952, 0, 1, 0, 0.654952, 0, 0.755671, 532.417, 54.8757, -157.202 )

[node name="Plane_tree_80" parent="Tree" instance=ExtResource( 3 )]
transform = Transform( 0.755671, 0, -0.654952, 0, 1, 0, 0.654952, 0, 0.755671, 539.959, 56.053, -139.65 )

[node name="Plane_tree_81" parent="Tree" instance=ExtResource( 3 )]
transform = Transform( 0.755671, 0, -0.654952, 0, 1, 0, 0.654952, 0, 0.755671, 542.015, 55.6845, -151.306 )

[node name="Plane_tree_84" parent="Tree" instance=ExtResource( 3 )]
transform = Transform( 0.755671, 0, -0.654952, 0, 1, 0, 0.654952, 0, 0.755671, 559.43, 57.2808, -149.66 )

[node name="Plane_tree_85" parent="Tree" instance=ExtResource( 3 )]
transform = Transform( 0.755671, 0, -0.654952, 0, 1, 0, 0.654952, 0, 0.755671, 574.239, 58.2684, -137.594 )

[node name="Plane_tree_86" parent="Tree" instance=ExtResource( 3 )]
transform = Transform( 0.755671, 0, -0.654952, 0, 1, 0, 0.654952, 0, 0.755671, 569.44, 58.2418, -145.821 )

[node name="Plane_tree_87" parent="Tree" instance=ExtResource( 3 )]
transform = Transform( 0.755671, 0, -0.654952, 0, 1, 0, 0.654952, 0, 0.755671, 592.202, 60.566, -137.456 )

[node name="Plane_tree_82" parent="Tree" instance=ExtResource( 3 )]
transform = Transform( 0.755671, 0, -0.654952, 0, 1, 0, 0.654952, 0, 0.755671, 551.614, 56.7316, -144.175 )

[node name="Plane_tree_83" parent="Tree" instance=ExtResource( 3 )]
transform = Transform( 0.755671, 0, -0.654952, 0, 1, 0, 0.654952, 0, 0.755671, 560.115, 57.4033, -137.319 )

[node name="Plane_tree_67" parent="Tree" instance=ExtResource( 3 )]
transform = Transform( 0.755671, 0, -0.654952, 0, 1, 0, 0.654952, 0, 0.755671, 504.583, 51.2505, -149.307 )

[node name="Plane_tree_19" parent="Tree" instance=ExtResource( 3 )]
transform = Transform( 0.755671, 0, -0.654952, 0, 1, 0, 0.654952, 0, 0.755671, 335.957, 57.2073, -205.325 )

[node name="Plane_tree_20" parent="Tree" instance=ExtResource( 3 )]
transform = Transform( 0.755671, 0, -0.654952, 0, 1, 0, 0.654952, 0, 0.755671, 350.34, 57.2073, -201.936 )

[node name="Plane_tree_21" parent="Tree" instance=ExtResource( 3 )]
transform = Transform( 0.755671, 0, -0.654952, 0, 1, 0, 0.654952, 0, 0.755671, 353.264, 57.2073, -211.437 )

[node name="Plane_tree_22" parent="Tree" instance=ExtResource( 3 )]
transform = Transform( 0.755671, 0, -0.654952, 0, 1, 0, 0.654952, 0, 0.755671, 366.462, 57.2073, -208.07 )

[node name="Plane_tree_42" parent="Tree" instance=ExtResource( 3 )]
transform = Transform( 0.755671, 0, -0.654952, 0, 1, 0, 0.654952, 0, 0.755671, 467.571, 57.2073, -242.581 )

[node name="Plane_tree_43" parent="Tree" instance=ExtResource( 3 )]
transform = Transform( 0.755671, 0, -0.654952, 0, 1, 0, 0.654952, 0, 0.755671, 449.662, 57.2073, -247.991 )

[node name="Plane_tree_48" parent="Tree" instance=ExtResource( 3 )]
transform = Transform( 0.755671, 0, -0.654952, 0, 1, 0, 0.654952, 0, 0.755671, 505.149, 57.2073, -244.7 )

[node name="Plane_tree_49" parent="Tree" instance=ExtResource( 3 )]
transform = Transform( 0.755671, 0, -0.654952, 0, 1, 0, 0.654952, 0, 0.755671, 485.164, 57.2073, -243.877 )

[node name="Plane_tree_50" parent="Tree" instance=ExtResource( 3 )]
transform = Transform( 0.755671, 0, -0.654952, 0, 1, 0, 0.654952, 0, 0.755671, 475.877, 57.2073, -243.994 )

[node name="Plane_tree_51" parent="Tree" instance=ExtResource( 3 )]
transform = Transform( 0.755671, 0, -0.654952, 0, 1, 0, 0.654952, 0, 0.755671, 496.45, 57.2073, -244.935 )

[node name="Plane_tree_52" parent="Tree" instance=ExtResource( 3 )]
transform = Transform( 0.755671, 0, -0.654952, 0, 1, 0, 0.654952, 0, 0.755671, 472.115, 57.2073, -252.929 )

[node name="Plane_tree_53" parent="Tree" instance=ExtResource( 3 )]
transform = Transform( 0.755671, 0, -0.654952, 0, 1, 0, 0.654952, 0, 0.755671, 499.741, 57.2073, -254.574 )

[node name="Plane_tree_54" parent="Tree" instance=ExtResource( 3 )]
transform = Transform( 0.755671, 0, -0.654952, 0, 1, 0, 0.654952, 0, 0.755671, 547.816, 57.2073, -234.316 )

[node name="Plane_tree_55" parent="Tree" instance=ExtResource( 3 )]
transform = Transform( 0.755671, 0, -0.654952, 0, 1, 0, 0.654952, 0, 0.755671, 534.815, 57.2073, -237.34 )

[node name="Plane_tree_68" parent="Tree" instance=ExtResource( 3 )]
transform = Transform( 0.755671, 0, -0.654952, 0, 1, 0, 0.654952, 0, 0.755671, 587.743, 57.2073, -249.407 )

[node name="Plane_tree_69" parent="Tree" instance=ExtResource( 3 )]
transform = Transform( 0.755671, 0, -0.654952, 0, 1, 0, 0.654952, 0, 0.755671, 583.766, 57.2073, -258.045 )

[node name="Plane_tree_70" parent="Tree" instance=ExtResource( 3 )]
transform = Transform( 0.755671, 0, -0.654952, 0, 1, 0, 0.654952, 0, 0.755671, 577.733, 57.2073, -271.757 )

[node name="Plane_tree_71" parent="Tree" instance=ExtResource( 3 )]
transform = Transform( 0.755671, 0, -0.654952, 0, 1, 0, 0.654952, 0, 0.755671, 589.937, 57.2073, -270.934 )

[node name="Plane_tree_72" parent="Tree" instance=ExtResource( 3 )]
transform = Transform( 0.755671, 0, -0.654952, 0, 1, 0, 0.654952, 0, 0.755671, 594.736, 57.2073, -259.965 )

[node name="Plane_tree_73" parent="Tree" instance=ExtResource( 3 )]
transform = Transform( 0.755671, 0, -0.654952, 0, 1, 0, 0.654952, 0, 0.755671, 606.803, 57.2073, -247.213 )

[node name="Plane_tree_74" parent="Tree" instance=ExtResource( 3 )]
transform = Transform( 0.755671, 0, -0.654952, 0, 1, 0, 0.654952, 0, 0.755671, 624.217, 57.2073, -247.624 )

[node name="Plane_tree_75" parent="Tree" instance=ExtResource( 3 )]
transform = Transform( 0.755671, 0, -0.654952, 0, 1, 0, 0.654952, 0, 0.755671, 624.902, 57.2073, -259.691 )

[node name="Plane_tree_76" parent="Tree" instance=ExtResource( 3 )]
transform = Transform( 0.755671, 0, -0.654952, 0, 1, 0, 0.654952, 0, 0.755671, 605.98, 57.2073, -261.199 )

[node name="Plane_tree_56" parent="Tree" instance=ExtResource( 3 )]
transform = Transform( 0.755671, 0, -0.654952, 0, 1, 0, 0.654952, 0, 0.755671, 517.278, 57.2073, -241.976 )

[node name="Plane_tree_57" parent="Tree" instance=ExtResource( 3 )]
transform = Transform( 0.755671, 0, -0.654952, 0, 1, 0, 0.654952, 0, 0.755671, 513.85, 57.2073, -255.414 )

[node name="Plane_tree_58" parent="Tree" instance=ExtResource( 3 )]
transform = Transform( 0.755671, 0, -0.654952, 0, 1, 0, 0.654952, 0, 0.755671, 530.99, 57.2073, -250.752 )

[node name="Plane_tree_59" parent="Tree" instance=ExtResource( 3 )]
transform = Transform( 0.755671, 0, -0.654952, 0, 1, 0, 0.654952, 0, 0.755671, 548.678, 57.2073, -247.324 )

[node name="Plane_tree_60" parent="Tree" instance=ExtResource( 3 )]
transform = Transform( 0.755671, 0, -0.654952, 0, 1, 0, 0.654952, 0, 0.755671, 563.624, 57.2073, -240.194 )

[node name="Plane_tree_44" parent="Tree" instance=ExtResource( 3 )]
transform = Transform( 0.755671, 0, -0.654952, 0, 1, 0, 0.654952, 0, 0.755671, 438.656, 57.2073, -247.618 )

[node name="Plane_tree_23" parent="Tree" instance=ExtResource( 3 )]
transform = Transform( 0.755671, 0, -0.654952, 0, 1, 0, 0.654952, 0, 0.755671, 367.416, 57.2073, -219.092 )

[node name="Plane_tree_pink_12" parent="Tree" instance=ExtResource( 16 )]
transform = Transform( 1, 0, 0, 0, 1, 0, 0, 0, 1, 156.307, 0.00166702, 24.012 )

[node name="Plane_tree_pink_13" parent="Tree" instance=ExtResource( 16 )]
transform = Transform( 1, 0, 0, 0, 1, 0, 0, 0, 1, 168.664, 0.00166702, 11.4831 )

[node name="Plane_tree_pink_14" parent="Tree" instance=ExtResource( 16 )]
transform = Transform( 1, 0, 0, 0, 1, 0, 0, 0, 1, 179.831, 0.00166702, 3.25421 )

[node name="Plane_tree_pink_15" parent="Tree" instance=ExtResource( 16 )]
transform = Transform( 1, 0, 0, 0, 1, 0, 0, 0, 1, 200.492, 0.00166702, -6.6227 )

[node name="Plane_tree_pink_16" parent="Tree" instance=ExtResource( 16 )]
transform = Transform( 1, 0, 0, 0, 1, 0, 0, 0, 1, 221.858, 0.00166702, -18.6161 )

[node name="Plane_tree_pink_17" parent="Tree" instance=ExtResource( 16 )]
transform = Transform( 0.999813, 0, -0.0193196, 0, 1, 0, 0.0193196, 0, 0.999813, 342.038, 57.1118, -214.984 )

[node name="Plane_tree_pink_18" parent="Tree" instance=ExtResource( 16 )]
transform = Transform( 0.999813, 0, -0.0193196, 0, 1, 0, 0.0193196, 0, 0.999813, 357.322, 57.1118, -225.249 )

[node name="Plane_tree_pink_19" parent="Tree" instance=ExtResource( 16 )]
transform = Transform( 0.999813, 0, -0.0193196, 0, 1, 0, 0.0193196, 0, 0.999813, 376.244, 57.1118, -232.152 )

[node name="Plane_tree_pink_20" parent="Tree" instance=ExtResource( 16 )]
transform = Transform( 0.999813, 0, -0.0193196, 0, 1, 0, 0.0193196, 0, 0.999813, 377.097, 57.1118, -221.553 )

[node name="Plane_tree_pink_25" parent="Tree" instance=ExtResource( 16 )]
transform = Transform( 0.999813, 0, -0.0193196, 0, 1, 0, 0.0193196, 0, 0.999813, 410.862, 39.5658, -130.705 )

[node name="Plane_tree_pink_26" parent="Tree" instance=ExtResource( 16 )]
transform = Transform( 0.999813, 0, -0.0193196, 0, 1, 0, 0.0193196, 0, 0.999813, 446.679, 42.0842, -147.681 )

[node name="Plane_tree_pink_27" parent="Tree" instance=ExtResource( 16 )]
transform = Transform( 0.999813, 0, -0.0193196, 0, 1, 0, 0.0193196, 0, 0.999813, 514.492, 52.8389, -146.241 )

[node name="Plane_tree_pink_21" parent="Tree" instance=ExtResource( 16 )]
transform = Transform( 0.999813, 0, -0.0193196, 0, 1, 0, 0.0193196, 0, 0.999813, 445.663, 57.1118, -256.9 )

[node name="Plane_tree_pink_22" parent="Tree" instance=ExtResource( 16 )]
transform = Transform( 0.999813, 0, -0.0193196, 0, 1, 0, 0.0193196, 0, 0.999813, 428.687, 57.1118, -255.408 )

[node name="Tree_Green_Plane34" parent="Tree" instance=ExtResource( 4 )]
transform = Transform( 0.811237, 0, -0.584717, 0, 1, 0, 0.584717, 0, 0.811237, 743.857, 105.86, -169.477 )

[node name="Tree_Green_Plane40" parent="Tree" instance=ExtResource( 4 )]
transform = Transform( 0.811237, 0, -0.584717, 0, 1, 0, 0.584717, 0, 0.811237, 778.352, 105.86, -160.587 )

[node name="Tree_Green_Plane41" parent="Tree" instance=ExtResource( 4 )]
transform = Transform( 0.811237, 0, -0.584717, 0, 1, 0, 0.584717, 0, 0.811237, 818.826, 105.86, -144.779 )

[node name="Tree_Green_Plane42" parent="Tree" instance=ExtResource( 4 )]
transform = Transform( 0.811237, 0, -0.584717, 0, 1, 0, 0.584717, 0, 0.811237, 790.68, 105.86, -161.723 )

[node name="Tree_Green_Plane43" parent="Tree" instance=ExtResource( 4 )]
transform = Transform( 0.811237, 0, -0.584717, 0, 1, 0, 0.584717, 0, 0.811237, 764.081, 105.86, -180.902 )

[node name="Tree_Green_Plane44" parent="Tree" instance=ExtResource( 4 )]
transform = Transform( 0.811237, 0, -0.584717, 0, 1, 0, 0.584717, 0, 0.811237, 752.649, 105.86, -164.717 )

[node name="Plane_tree_45" parent="Tree" instance=ExtResource( 3 )]
transform = Transform( 0.248825, 0, -0.968548, 0, 1, 0, 0.968548, 0, 0.248825, 760.268, 105.841, -160.6 )

[node name="Plane_tree_88" parent="Tree" instance=ExtResource( 3 )]
transform = Transform( 0.248825, 0, -0.968548, 0, 1, 0, 0.968548, 0, 0.248825, 792.377, 105.841, -140.963 )

[node name="Plane_tree_89" parent="Tree" instance=ExtResource( 3 )]
transform = Transform( 0.248825, 0, -0.968548, 0, 1, 0, 0.968548, 0, 0.248825, 785.357, 105.841, -146.106 )

[node name="Plane_tree_90" parent="Tree" instance=ExtResource( 3 )]
transform = Transform( 0.248825, 0, -0.968548, 0, 1, 0, 0.968548, 0, 0.248825, 769.893, 105.841, -166.524 )

[node name="Plane_tree_91" parent="Tree" instance=ExtResource( 3 )]
transform = Transform( 0.248825, 0, -0.968548, 0, 1, 0, 0.968548, 0, 0.248825, 793.548, 105.841, -152.16 )

[node name="Plane_tree_92" parent="Tree" instance=ExtResource( 3 )]
transform = Transform( 0.248825, 0, -0.968548, 0, 1, 0, 0.968548, 0, 0.248825, 845.81, 105.841, -117.85 )

[node name="Plane_tree_93" parent="Tree" instance=ExtResource( 3 )]
transform = Transform( 0.248825, 0, -0.968548, 0, 1, 0, 0.968548, 0, 0.248825, 830.212, 105.841, -124.778 )

[node name="Plane_tree_94" parent="Tree" instance=ExtResource( 3 )]
transform = Transform( 0.248825, 0, -0.968548, 0, 1, 0, 0.968548, 0, 0.248825, 867.463, 105.841, -121.919 )

[node name="Plane_tree_95" parent="Tree" instance=ExtResource( 3 )]
transform = Transform( 0.248825, 0, -0.968548, 0, 1, 0, 0.968548, 0, 0.248825, 800.802, 105.841, -131.823 )

[node name="Plane_tree_96" parent="Tree" instance=ExtResource( 3 )]
transform = Transform( 0.248825, 0, -0.968548, 0, 1, 0, 0.968548, 0, 0.248825, 805.628, 105.841, -144.824 )

[node name="Plane_tree_97" parent="Tree" instance=ExtResource( 3 )]
transform = Transform( 0.248825, 0, -0.968548, 0, 1, 0, 0.968548, 0, 0.248825, 817.071, 105.841, -131.238 )

[node name="Plane_tree_pink_28" parent="Tree" instance=ExtResource( 16 )]
transform = Transform( 0.811237, 0, -0.584717, 0, 1, 0, 0.584717, 0, 0.811237, 750.398, 105.746, -184.84 )

[node name="Plane_tree_pink_29" parent="Tree" instance=ExtResource( 16 )]
transform = Transform( 0.811237, 0, -0.584717, 0, 1, 0, 0.584717, 0, 0.811237, 735.588, 105.746, -193.271 )

[node name="Plane_tree_pink_30" parent="Tree" instance=ExtResource( 16 )]
transform = Transform( 0.811237, 0, -0.584717, 0, 1, 0, 0.584717, 0, 0.811237, 713, 105.746, -176.012 )

[node name="Plane_tree_pink_31" parent="Tree" instance=ExtResource( 16 )]
transform = Transform( 0.811237, 0, -0.584717, 0, 1, 0, 0.584717, 0, 0.811237, 730.512, 105.746, -185.149 )

[node name="Tree_Green_Plane45" parent="Tree" instance=ExtResource( 4 )]
transform = Transform( 0.756938, 0, -0.653487, 0, 1, 0, 0.653487, 0, 0.756938, 706.772, 72.4957, -58.4491 )

[node name="Tree_Green_Plane46" parent="Tree" instance=ExtResource( 4 )]
transform = Transform( 0.756938, 0, -0.653487, 0, 1, 0, 0.653487, 0, 0.756938, 740.357, 72.4957, -46.5737 )

[node name="Tree_Green_Plane47" parent="Tree" instance=ExtResource( 4 )]
transform = Transform( 0.756938, 0, -0.653487, 0, 1, 0, 0.653487, 0, 0.756938, 779.291, 72.4957, -27.2837 )

[node name="Tree_Green_Plane48" parent="Tree" instance=ExtResource( 4 )]
transform = Transform( 0.756938, 0, -0.653487, 0, 1, 0, 0.653487, 0, 0.756938, 752.736, 72.4957, -46.6261 )

[node name="Tree_Green_Plane49" parent="Tree" instance=ExtResource( 4 )]
transform = Transform( 0.756938, 0, -0.653487, 0, 1, 0, 0.653487, 0, 0.756938, 727.918, 72.4957, -68.0604 )

[node name="Tree_Green_Plane50" parent="Tree" instance=ExtResource( 4 )]
transform = Transform( 0.756938, 0, -0.653487, 0, 1, 0, 0.653487, 0, 0.756938, 715.113, 72.4957, -52.9376 )

[node name="Plane_tree_46" parent="Tree" instance=ExtResource( 3 )]
transform = Transform( 0.163085, 0, -0.986612, 0, 1, 0, 0.986612, 0, 0.163085, 722.343, 72.4772, -48.1701 )

[node name="Plane_tree_98" parent="Tree" instance=ExtResource( 3 )]
transform = Transform( 0.163085, 0, -0.986612, 0, 1, 0, 0.986612, 0, 0.163085, 752.61, 72.4772, -25.7973 )

[node name="Plane_tree_99" parent="Tree" instance=ExtResource( 3 )]
transform = Transform( 0.163085, 0, -0.986612, 0, 1, 0, 0.986612, 0, 0.163085, 746.067, 72.4772, -31.5347 )

[node name="Plane_tree_100" parent="Tree" instance=ExtResource( 3 )]
transform = Transform( 0.163085, 0, -0.986612, 0, 1, 0, 0.986612, 0, 0.163085, 732.449, 72.4772, -53.2286 )

[node name="Plane_tree_101" parent="Tree" instance=ExtResource( 3 )]
transform = Transform( 0.163085, 0, -0.986612, 0, 1, 0, 0.986612, 0, 0.163085, 754.756, 72.4772, -36.8492 )

[node name="Plane_tree_102" parent="Tree" instance=ExtResource( 3 )]
transform = Transform( 0.163085, 0, -0.986612, 0, 1, 0, 0.986612, 0, 0.163085, 803.815, 72.4772, 1.90451 )

[node name="Plane_tree_103" parent="Tree" instance=ExtResource( 3 )]
transform = Transform( 0.163085, 0, -0.986612, 0, 1, 0, 0.986612, 0, 0.163085, 788.882, 72.4772, -6.36255 )

[node name="Plane_tree_104" parent="Tree" instance=ExtResource( 3 )]
transform = Transform( 0.163085, 0, -0.986612, 0, 1, 0, 0.986612, 0, 0.163085, 825.74, 72.4772, -0.253334 )

[node name="Plane_tree_105" parent="Tree" instance=ExtResource( 3 )]
transform = Transform( 0.163085, 0, -0.986612, 0, 1, 0, 0.986612, 0, 0.163085, 760.203, 72.4772, -15.9544 )

[node name="Plane_tree_106" parent="Tree" instance=ExtResource( 3 )]
transform = Transform( 0.163085, 0, -0.986612, 0, 1, 0, 0.986612, 0, 0.163085, 766.148, 72.4772, -28.4831 )

[node name="Plane_tree_107" parent="Tree" instance=ExtResource( 3 )]
transform = Transform( 0.163085, 0, -0.986612, 0, 1, 0, 0.986612, 0, 0.163085, 776.358, 72.4772, -13.9483 )

[node name="Plane_tree_pink_32" parent="Tree" instance=ExtResource( 16 )]
transform = Transform( 0.756938, 0, -0.653487, 0, 1, 0, 0.653487, 0, 0.756938, 714.633, 72.3816, -73.1808 )

[node name="Plane_tree_pink_33" parent="Tree" instance=ExtResource( 16 )]
transform = Transform( 0.756938, 0, -0.653487, 0, 1, 0, 0.653487, 0, 0.756938, 700.618, 72.3816, -82.8757 )

[node name="Plane_tree_pink_34" parent="Tree" instance=ExtResource( 16 )]
transform = Transform( 0.756938, 0, -0.653487, 0, 1, 0, 0.653487, 0, 0.756938, 676.605, 72.3816, -67.6607 )

[node name="Plane_tree_pink_35" parent="Tree" instance=ExtResource( 16 )]
transform = Transform( 0.756938, 0, -0.653487, 0, 1, 0, 0.653487, 0, 0.756938, 694.85, 72.3816, -75.2295 )

[node name="Tree_Green_Plane51" parent="Tree" instance=ExtResource( 4 )]
transform = Transform( 0.676953, 0, -0.736026, 0, 1, 0, 0.736026, 0, 0.676953, 694.028, 72.4957, -27.6049 )

[node name="Tree_Green_Plane52" parent="Tree" instance=ExtResource( 4 )]
transform = Transform( 0.676953, 0, -0.736026, 0, 1, 0, 0.736026, 0, 0.676953, 726.029, 72.4957, -11.9542 )

[node name="Tree_Green_Plane53" parent="Tree" instance=ExtResource( 4 )]
transform = Transform( 0.676953, 0, -0.736026, 0, 1, 0, 0.736026, 0, 0.676953, 762.493, 72.4957, 11.676 )

[node name="Tree_Green_Plane54" parent="Tree" instance=ExtResource( 4 )]
transform = Transform( 0.676953, 0, -0.736026, 0, 1, 0, 0.736026, 0, 0.676953, 738.333, 72.4957, -10.5856 )

[node name="Tree_Green_Plane55" parent="Tree" instance=ExtResource( 4 )]
transform = Transform( 0.676953, 0, -0.736026, 0, 1, 0, 0.736026, 0, 0.676953, 716.138, 72.4957, -34.7262 )

[node name="Tree_Green_Plane56" parent="Tree" instance=ExtResource( 4 )]
transform = Transform( 0.676953, 0, -0.736026, 0, 1, 0, 0.736026, 0, 0.676953, 701.683, 72.4957, -21.1726 )

[node name="Plane_tree_47" parent="Tree" instance=ExtResource( 3 )]
transform = Transform( 0.0487975, 0, -0.998809, 0, 1, 0, 0.998809, 0, 0.0487975, 708.318, 72.4772, -15.607 )

[node name="Plane_tree_108" parent="Tree" instance=ExtResource( 3 )]
transform = Transform( 0.0487975, 0, -0.998809, 0, 1, 0, 0.998809, 0, 0.0487975, 735.817, 72.4772, 10.091 )

[node name="Plane_tree_109" parent="Tree" instance=ExtResource( 3 )]
transform = Transform( 0.0487975, 0, -0.998809, 0, 1, 0, 0.998809, 0, 0.0487975, 729.975, 72.4772, 3.64068 )

[node name="Plane_tree_110" parent="Tree" instance=ExtResource( 3 )]
transform = Transform( 0.0487975, 0, -0.998809, 0, 1, 0, 0.998809, 0, 0.0487975, 718.937, 72.4772, -19.4725 )

[node name="Plane_tree_111" parent="Tree" instance=ExtResource( 3 )]
transform = Transform( 0.0487975, 0, -0.998809, 0, 1, 0, 0.998809, 0, 0.0487975, 739.218, 72.4772, -0.64159 )

[node name="Plane_tree_112" parent="Tree" instance=ExtResource( 3 )]
transform = Transform( 0.0487975, 0, -0.998809, 0, 1, 0, 0.998809, 0, 0.0487975, 783.505, 72.4772, 43.4854 )

[node name="Plane_tree_113" parent="Tree" instance=ExtResource( 3 )]
transform = Transform( 0.0487975, 0, -0.998809, 0, 1, 0, 0.998809, 0, 0.0487975, 769.62, 72.4772, 33.5595 )

[node name="Plane_tree_114" parent="Tree" instance=ExtResource( 3 )]
transform = Transform( 0.0487975, 0, -0.998809, 0, 1, 0, 0.998809, 0, 0.0487975, 805.533, 72.4772, 43.8577 )

[node name="Plane_tree_115" parent="Tree" instance=ExtResource( 3 )]
