[gd_scene load_steps=28 format=2]

[ext_resource path="res://sample car.tscn" type="PackedScene" id=1]
[ext_resource path="res://Camera/cam_chase.tscn" type="PackedScene" id=2]
[ext_resource path="res://scenes/Motor_selection/Modelo/Rally_1.tscn" type="PackedScene" id=3]
[ext_resource path="res://Assets/Models/Trees/2/plane/Plane_tree_2.tscn" type="PackedScene" id=4]
[ext_resource path="res://Assets/Models/Houses_Poly/House_1/Houses_Tiles_upmizaces_01.tscn" type="PackedScene" id=5]
[ext_resource path="res://Assets/Models/Houses_Poly/House_3/Houses_Tiles_upmizaces_03.tscn" type="PackedScene" id=6]
[ext_resource path="res://Assets/Models/Trees/3/plane/Plane_tree_pink_3.tscn" type="PackedScene" id=7]
[ext_resource path="res://Assets/Models/Houses_Poly/House_4/Houses_Tiles_upmizaces_04.tscn" type="PackedScene" id=8]
[ext_resource path="res://Assets/Models/Trees/1/plane/Tree_Green_Plane.tscn" type="PackedScene" id=9]
[ext_resource path="res://Assets/Models/carpa/carpa.tscn" type="PackedScene" id=10]
[ext_resource path="res://scenes/Car_motor_properties/Car_Engine_propiesties.gd" type="Script" id=11]
[ext_resource path="res://scenes/Motor_selection/Rally_1/Scripts/Rally_1.gd" type="Script" id=12]
[ext_resource path="res://scenes/User_Interface_Rally_Competition/User_Interface_Rally.tscn" type="PackedScene" id=13]
[ext_resource path="res://Assets/Models/Houses_Poly/House_2/Houses_Tiles_upmizaces_02.tscn" type="PackedScene" id=14]
[ext_resource path="res://Assets/Models/Turbine_eolica/Turbina.tscn" type="PackedScene" id=15]
[ext_resource path="res://Assets/Models/Houses_Poly/House_5/Houses_Tiles_upmizaces_05.tscn" type="PackedScene" id=16]
[ext_resource path="res://Assets/Models/Track_cartton_test/Elementos/Bill_layer.tscn" type="PackedScene" id=17]
[ext_resource path="res://Assets/Models/Track_cartton_test/Elementos/tyre_block_006.tscn" type="PackedScene" id=18]
[ext_resource path="res://Assets/Models/Track_cartton_test/Elementos/grandstands_large_029.tscn" type="PackedScene" id=19]
[ext_resource path="res://Assets/Models/Track_cartton_test/Elementos/Baner_0.tscn" type="PackedScene" id=20]

[sub_resource type="SpatialMaterial" id=2]
albedo_color = Color( 0, 0.498039, 1, 1 )

[sub_resource type="QuadMesh" id=3]
material = SubResource( 2 )
size = Vector2( 200000, 200000 )

[sub_resource type="QuadMesh" id=7]
size = Vector2( 100, 20 )

[sub_resource type="ConcavePolygonShape" id=8]
data = PoolVector3Array( -50, -10, 0, -50, 10, 0, 50, 10, 0, -50, -10, 0, 50, 10, 0, 50, -10, 0 )

[sub_resource type="QuadMesh" id=9]
size = Vector2( 60, 20 )

[sub_resource type="ConcavePolygonShape" id=10]
data = PoolVector3Array( -30, -10, 0, -30, 10, 0, 30, 10, 0, -30, -10, 0, 30, 10, 0, 30, -10, 0 )

[sub_resource type="ConcavePolygonShape" id=11]
data = PoolVector3Array( -30, -10, 0, -30, 10, 0, 30, 10, 0, -30, -10, 0, 30, 10, 0, 30, -10, 0 )

[node name="Rally_1" type="Spatial"]
script = ExtResource( 12 )

[node name="car" parent="." instance=ExtResource( 1 )]
transform = Transform( -0.718041, 0, 0.696, 0, 1, 0, -0.696, 0, -0.718041, 1.87519, 2.5554, -204.7 )
script = ExtResource( 11 )

[node name="cam_chase" parent="." instance=ExtResource( 2 )]
transform = Transform( 0.717373, 0, -0.696689, 0, 1, 0, 0.696689, 0, 0.717373, -8.45646, 0.0719802, -194.008 )

[node name="DirectionalLight" type="DirectionalLight" parent="."]
transform = Transform( -0.991925, 0.0999576, 0.0780533, 0, -0.615455, 0.788172, 0.126822, 0.781808, 0.610485, 0, 22.2931, 0 )
light_energy = 2.0

[node name="cea" type="MeshInstance" parent="."]
transform = Transform( 1, 0, 0, 0, -4.37114e-08, 1, 0, -1, -4.37114e-08, 4880.87, -72.0999, -86.7486 )
visible = false
mesh = SubResource( 3 )

[node name="Elemets_Track" type="Spatial" parent="."]

[node name="star_Barrer" type="MeshInstance" parent="Elemets_Track"]
transform = Transform( -0.67577, 0, 0.737112, 0, 1, 0, -0.737112, 0, -0.67577, -8.76551, 7.07036, -206.237 )
visible = false
mesh = SubResource( 7 )

[node name="StaticBody" type="StaticBody" parent="Elemets_Track/star_Barrer"]

[node name="CollisionShape" type="CollisionShape" parent="Elemets_Track/star_Barrer/StaticBody"]
shape = SubResource( 8 )

[node name="Tardet_Barrer2" type="MeshInstance" parent="Elemets_Track"]
transform = Transform( 0.449771, 0, -0.893144, 0, 1, 0, 0.893144, 0, 0.449771, 10380, 1838.16, 615.761 )
visible = false
mesh = SubResource( 7 )

[node name="StaticBody" type="StaticBody" parent="Elemets_Track/Tardet_Barrer2"]

[node name="CollisionShape" type="CollisionShape" parent="Elemets_Track/Tardet_Barrer2/StaticBody"]
shape = SubResource( 8 )

[node name="carpa" parent="Elemets_Track" instance=ExtResource( 10 )]
transform = Transform( 4.43915, -0.325298, 3.01759, 0.626789, 5.9635, -0.157048, -3.98762, 0.575233, 3.33459, 1.9409, -0.259019, -212.264 )

[node name="carpa2" parent="Elemets_Track" instance=ExtResource( 10 )]
transform = Transform( 5.24749, -0.450612, 2.15563, 0.626789, 5.9635, -0.157048, -2.84096, 0.483384, 3.94697, 10364.6, 1827.24, 624.432 )

[node name="stages" type="Spatial" parent="."]

[node name="INICIO" type="MeshInstance" parent="stages"]
transform = Transform( -0.678326, 0, 0.734761, 0, 1, 0, -0.734761, 0, -0.678326, 3.81982, 12.748, -213.392 )
visible = false
mesh = SubResource( 9 )

[node name="Salida" type="Area" parent="stages/INICIO"]

[node name="CollisionShape" type="CollisionShape" parent="stages/INICIO/Salida"]
shape = SubResource( 10 )

[node name="LLEGADA" type="MeshInstance" parent="stages"]
transform = Transform( 0.467081, 0, -0.884215, 0, 1, 0, 0.884215, 0, 0.467081, 10362, 1837.12, 623.874 )
visible = false
mesh = SubResource( 9 )

[node name="Llegada" type="Area" parent="stages/LLEGADA"]

[node name="CollisionShape" type="CollisionShape" parent="stages/LLEGADA/Llegada"]
shape = SubResource( 11 )

[node name="Control" parent="." instance=ExtResource( 13 )]

[node name="Tree" type="Spatial" parent="."]

[node name="Tree_Green_Plane" parent="Tree" instance=ExtResource( 9 )]
transform = Transform( 1, 0, 0, 0, 1, 0, 0, 0, 1, 94.3981, 8.84365, -176.781 )

[node name="Tree_Green_Plane2" parent="Tree" instance=ExtResource( 9 )]
transform = Transform( 1, 0, 0, 0, 1, 0, 0, 0, 1, 125.914, 8.84365, -181.129 )

[node name="Tree_Green_Plane3" parent="Tree" instance=ExtResource( 9 )]
transform = Transform( 1, 0, 0, 0, 1, 0, 0, 0, 1, 132.738, 8.84365, -209.375 )

[node name="Tree_Green_Plane4" parent="Tree" instance=ExtResource( 9 )]
transform = Transform( 1, 0, 0, 0, 1, 0, 0, 0, 1, 193.096, 8.84365, -212.888 )

[node name="Tree_Green_Plane5" parent="Tree" instance=ExtResource( 9 )]
transform = Transform( 1, 0, 0, 0, 1, 0, 0, 0, 1, 177.283, 8.84365, -248.738 )

[node name="Tree_Green_Plane6" parent="Tree" instance=ExtResource( 9 )]
transform = Transform( 1, 0, 0, 0, 1, 0, 0, 0, 1, 217.685, 8.84365, -241.286 )

[node name="Tree_Green_Plane7" parent="Tree" instance=ExtResource( 9 )]
transform = Transform( 1, 0, 0, 0, 1, 0, 0, 0, 1, 211.624, 8.84365, -280.643 )

[node name="Tree_Green_Plane8" parent="Tree" instance=ExtResource( 9 )]
transform = Transform( 1, 0, 0, 0, 1, 0, 0, 0, 1, 243.659, 8.84365, -253.131 )

[node name="Tree_Green_Plane9" parent="Tree" instance=ExtResource( 9 )]
transform = Transform( 1, 0, 0, 0, 1, 0, 0, 0, 1, 235.013, 8.84365, -298.803 )

[node name="Tree_Green_Plane10" parent="Tree" instance=ExtResource( 9 )]
transform = Transform( 1, 0, 0, 0, 1, 0, 0, 0, 1, 285.298, 8.84365, -359.35 )

[node name="Tree_Green_Plane11" parent="Tree" instance=ExtResource( 9 )]
transform = Transform( 1, 0, 0, 0, 1, 0, 0, 0, 1, 256.692, 8.84365, -328.722 )

[node name="Tree_Green_Plane12" parent="Tree" instance=ExtResource( 9 )]
transform = Transform( 1, 0, 0, 0, 1, 0, 0, 0, 1, 261.097, 8.84365, -284.926 )

[node name="Tree_Green_Plane13" parent="Tree" instance=ExtResource( 9 )]
transform = Transform( 1, 0, 0, 0, 1, 0, 0, 0, 1, 274.43, 8.84365, -325.193 )

[node name="Tree_Green_Plane14" parent="Tree" instance=ExtResource( 9 )]
transform = Transform( 1, 0, 0, 0, 1, 0, 0, 0, 1, 176.058, 61.3142, -476.264 )

[node name="Tree_Green_Plane15" parent="Tree" instance=ExtResource( 9 )]
transform = Transform( 1, 0, 0, 0, 1, 0, 0, 0, 1, 163.348, 61.3142, -444.644 )

[node name="Tree_Green_Plane16" parent="Tree" instance=ExtResource( 9 )]
transform = Transform( 1, 0, 0, 0, 1, 0, 0, 0, 1, 150.692, 61.3142, -437.413 )

[node name="Tree_Green_Plane17" parent="Tree" instance=ExtResource( 9 )]
transform = Transform( 1, 0, 0, 0, 1, 0, 0, 0, 1, 138.76, 61.3142, -425.119 )

[node name="Tree_Green_Plane18" parent="Tree" instance=ExtResource( 9 )]
transform = Transform( 1, 0, 0, 0, 1, 0, 0, 0, 1, 132.975, 61.3142, -413.187 )

[node name="Tree_Green_Plane19" parent="Tree" instance=ExtResource( 9 )]
transform = Transform( 1, 0, 0, 0, 1, 0, 0, 0, 1, 121.505, 61.3142, -398.617 )

[node name="Tree_Green_Plane20" parent="Tree" instance=ExtResource( 9 )]
transform = Transform( 1, 0, 0, 0, 1, 0, 0, 0, 1, 103.525, 61.3142, -382.187 )

[node name="Tree_Green_Plane21" parent="Tree" instance=ExtResource( 9 )]
transform = Transform( 1, 0, 0, 0, 1, 0, 0, 0, 1, 89.8846, 61.3142, -367.617 )

[node name="Tree_Green_Plane22" parent="Tree" instance=ExtResource( 9 )]
transform = Transform( 1, 0, 0, 0, 1, 0, 0, 0, 1, 76.5546, 61.3142, -354.287 )

[node name="Tree_Green_Plane23" parent="Tree" instance=ExtResource( 9 )]
transform = Transform( 1, 0, 0, 0, 1, 0, 0, 0, 1, 61.6746, 61.3142, -341.577 )

[node name="Tree_Green_Plane24" parent="Tree" instance=ExtResource( 9 )]
transform = Transform( 1, 0, 0, 0, 1, 0, 0, 0, 1, 53.6146, 61.3142, -330.727 )

[node name="Tree_Green_Plane25" parent="Tree" instance=ExtResource( 9 )]
transform = Transform( 1, 0, 0, 0, 1, 0, 0, 0, 1, 38.7346, 61.3142, -322.047 )

[node name="Tree_Green_Plane26" parent="Tree" instance=ExtResource( 9 )]
transform = Transform( 1, 0, 0, 0, 1, 0, 0, 0, 1, 21.9946, 61.3142, -309.956 )

[node name="Tree_Green_Plane27" parent="Tree" instance=ExtResource( 9 )]
transform = Transform( 1, 0, 0, 0, 1, 0, 0, 0, 1, 13.9346, 61.3142, -295.076 )

[node name="Tree_Green_Plane28" parent="Tree" instance=ExtResource( 9 )]
transform = Transform( 1, 0, 0, 0, 1, 0, 0, 0, 1, -8.69543, 61.3142, -275.236 )

[node name="Tree_Green_Plane29" parent="Tree" instance=ExtResource( 9 )]
transform = Transform( 1, 0, 0, 0, 1, 0, 0, 0, 1, -3.73544, 61.3142, -292.906 )

[node name="Tree_Green_Plane30" parent="Tree" instance=ExtResource( 9 )]
transform = Transform( 1, 0, 0, 0, 1, 0, 0, 0, 1, -33.8054, 61.3142, -251.986 )

[node name="Tree_Green_Plane31" parent="Tree" instance=ExtResource( 9 )]
transform = Transform( 1, 0, 0, 0, 1, 0, 0, 0, 1, -59.5354, 61.3142, -234.006 )

[node name="Tree_Green_Plane32" parent="Tree" instance=ExtResource( 9 )]
transform = Transform( 1, 0, 0, 0, 1, 0, 0, 0, 1, -51.1655, 61.3142, -248.886 )

[node name="Tree_Green_Plane33" parent="Tree" instance=ExtResource( 9 )]
transform = Transform( 1, 0, 0, 0, 1, 0, 0, 0, 1, -77.2055, 61.3142, -212.926 )

[node name="Tree_Green_Plane34" parent="Tree" instance=ExtResource( 9 )]
transform = Transform( 1, 0, 0, 0, 1, 0, 0, 0, 1, -105.415, 61.3142, -194.946 )

[node name="Tree_Green_Plane35" parent="Tree" instance=ExtResource( 9 )]
transform = Transform( 1, 0, 0, 0, 1, 0, 0, 0, 1, -126.185, 61.3142, -170.146 )

[node name="Tree_Green_Plane36" parent="Tree" instance=ExtResource( 9 )]
transform = Transform( 1, 0, 0, 0, 1, 0, 0, 0, 1, -156.255, 61.3142, -150.616 )

[node name="Plane_tree_2" parent="Tree" instance=ExtResource( 4 )]
transform = Transform( 1, 0, 0, 0, 1, 0, 0, 0, 1, 70.564, 9.07787, -150.234 )

[node name="Plane_tree_20" parent="Tree" instance=ExtResource( 4 )]
transform = Transform( 1, 0, 0, 0, 1, 0, 0, 0, 1, 170.702, 61.6387, -456.702 )

[node name="Plane_tree_21" parent="Tree" instance=ExtResource( 4 )]
transform = Transform( 1, 0, 0, 0, 1, 0, 0, 0, 1, 150.405, 61.6387, -442.65 )

[node name="Plane_tree_22" parent="Tree" instance=ExtResource( 4 )]
transform = Transform( 1, 0, 0, 0, 1, 0, 0, 0, 1, 129.328, 61.6387, -419.231 )

[node name="Plane_tree_23" parent="Tree" instance=ExtResource( 4 )]
transform = Transform( 1, 0, 0, 0, 1, 0, 0, 0, 1, 119.961, 61.6387, -405.961 )

[node name="Plane_tree_24" parent="Tree" instance=ExtResource( 4 )]
transform = Transform( 1, 0, 0, 0, 1, 0, 0, 0, 1, 107.471, 61.6387, -390.348 )

[node name="Plane_tree_25" parent="Tree" instance=ExtResource( 4 )]
transform = Transform( 1, 0, 0, 0, 1, 0, 0, 0, 1, 88.7353, 61.6387, -372.393 )

[node name="Plane_tree_26" parent="Tree" instance=ExtResource( 4 )]
transform = Transform( 1, 0, 0, 0, 1, 0, 0, 0, 1, 65.3163, 61.6387, -352.878 )

[node name="Plane_tree_27" parent="Tree" instance=ExtResource( 4 )]
transform = Transform( 1, 0, 0, 0, 1, 0, 0, 0, 1, 44.2392, 61.6387, -328.678 )

[node name="Plane_tree_28" parent="Tree" instance=ExtResource( 4 )]
transform = Transform( 1, 0, 0, 0, 1, 0, 0, 0, 1, 27.0653, 61.6387, -315.407 )

[node name="Plane_tree_29" parent="Tree" instance=ExtResource( 4 )]
transform = Transform( 1, 0, 0, 0, 1, 0, 0, 0, 1, 10.672, 61.6387, -299.794 )

[node name="Plane_tree_30" parent="Tree" instance=ExtResource( 4 )]
transform = Transform( 1, 0, 0, 0, 1, 0, 0, 0, 1, -22.8953, 61.6387, -263.885 )

[node name="Plane_tree_31" parent="Tree" instance=ExtResource( 4 )]
transform = Transform( 1, 0, 0, 0, 1, 0, 0, 0, 1, -71.2946, 61.6387, -226.415 )

[node name="Plane_tree_32" parent="Tree" instance=ExtResource( 4 )]
transform = Transform( 1, 0, 0, 0, 1, 0, 0, 0, 1, -93.6474, 61.6387, -207.436 )

[node name="Plane_tree_33" parent="Tree" instance=ExtResource( 4 )]
transform = Transform( 1, 0, 0, 0, 1, 0, 0, 0, 1, -121.483, 61.6387, -190.988 )

[node name="Plane_tree_34" parent="Tree" instance=ExtResource( 4 )]
transform = Transform( 1, 0, 0, 0, 1, 0, 0, 0, 1, -147.21, 61.6387, -162.309 )

[node name="Plane_tree_35" parent="Tree" instance=ExtResource( 4 )]
transform = Transform( 1, 0, 0, 0, 1, 0, 0, 0, 1, -137.088, 61.6387, -177.07 )

[node name="Plane_tree_36" parent="Tree" instance=ExtResource( 4 )]
transform = Transform( 1, 0, 0, 0, 1, 0, 0, 0, 1, -86.0558, 61.6387, -214.606 )

[node name="Plane_tree_37" parent="Tree" instance=ExtResource( 4 )]
transform = Transform( 1, 0, 0, 0, 1, 0, 0, 0, 1, -21.5278, 61.6387, -274.073 )

[node name="Plane_tree_38" parent="Tree" instance=ExtResource( 4 )]
transform = Transform( 1, 0, 0, 0, 1, 0, 0, 0, 1, 110.059, 61.6387, -401.864 )

[node name="Plane_tree_3" parent="Tree" instance=ExtResource( 4 )]
transform = Transform( 1, 0, 0, 0, 1, 0, 0, 0, 1, 56.3741, 9.07787, -96.7417 )

[node name="Plane_tree_4" parent="Tree" instance=ExtResource( 4 )]
transform = Transform( 1, 0, 0, 0, 1, 0, 0, 0, 1, 37.0024, 9.07787, -79.2766 )

[node name="Plane_tree_5" parent="Tree" instance=ExtResource( 4 )]
transform = Transform( 1, 0, 0, 0, 1, 0, 0, 0, 1, 30.454, 9.07787, -56.4307 )

[node name="Plane_tree_6" parent="Tree" instance=ExtResource( 4 )]
transform = Transform( 1, 0, 0, 0, 1, 0, 0, 0, 1, 8.62868, 9.07787, -59.3506 )

[node name="Plane_tree_7" parent="Tree" instance=ExtResource( 4 )]
transform = Transform( 1, 0, 0, 0, 1, 0, 0, 0, 1, 10.0255, 9.07787, -26.582 )

[node name="Plane_tree_8" parent="Tree" instance=ExtResource( 4 )]
transform = Transform( 1, 0, 0, 0, 1, 0, 0, 0, 1, 38.6175, 9.07787, -39.8382 )

[node name="Plane_tree_9" parent="Tree" instance=ExtResource( 4 )]
transform = Transform( 1, 0, 0, 0, 1, 0, 0, 0, 1, 69.8815, 9.07787, -73.6638 )

[node name="Plane_tree_10" parent="Tree" instance=ExtResource( 4 )]
transform = Transform( 1, 0, 0, 0, 1, 0, 0, 0, 1, 83.2602, 9.07787, -116.676 )

[node name="Plane_tree_11" parent="Tree" instance=ExtResource( 4 )]
transform = Transform( 1, 0, 0, 0, 1, 0, 0, 0, 1, 116.606, 9.07787, -157.784 )

[node name="Plane_tree_12" parent="Tree" instance=ExtResource( 4 )]
transform = Transform( 1, 0, 0, 0, 1, 0, 0, 0, 1, 156.801, 9.07787, -205.64 )

[node name="Plane_tree_13" parent="Tree" instance=ExtResource( 4 )]
transform = Transform( 1, 0, 0, 0, 1, 0, 0, 0, 1, 157.073, 9.07787, -232.169 )

[node name="Plane_tree_14" parent="Tree" instance=ExtResource( 4 )]
transform = Transform( 1, 0, 0, 0, 1, 0, 0, 0, 1, 195.956, 9.07787, -253.019 )

[node name="Plane_tree_15" parent="Tree" instance=ExtResource( 4 )]
transform = Transform( 1, 0, 0, 0, 1, 0, 0, 0, 1, 222.558, 9.07787, -289.27 )

[node name="Plane_tree_16" parent="Tree" instance=ExtResource( 4 )]
transform = Transform( 1, 0, 0, 0, 1, 0, 0, 0, 1, 242.874, 9.07787, -320.916 )

[node name="Plane_tree_17" parent="Tree" instance=ExtResource( 4 )]
transform = Transform( 1, 0, 0, 0, 1, 0, 0, 0, 1, 269.71, 9.07787, -300.221 )

[node name="Plane_tree_18" parent="Tree" instance=ExtResource( 4 )]
transform = Transform( 1, 0, 0, 0, 1, 0, 0, 0, 1, 292.171, 9.07787, -333.714 )

[node name="Plane_tree_19" parent="Tree" instance=ExtResource( 4 )]
transform = Transform( 1, 0, 0, 0, 1, 0, 0, 0, 1, 270.595, 9.07787, -343.406 )

[node name="Plane_tree_pink_3" parent="Tree" instance=ExtResource( 7 )]
transform = Transform( 1, 0, 0, 0, 1, 0, 0, 0, 1, 91.7656, 9.07787, -152.587 )

[node name="Plane_tree_pink_4" parent="Tree" instance=ExtResource( 7 )]
transform = Transform( 1, 0, 0, 0, 1, 0, 0, 0, 1, -18.1162, 9.07787, -54.5069 )

[node name="Plane_tree_pink_5" parent="Tree" instance=ExtResource( 7 )]
transform = Transform( 1, 0, 0, 0, 1, 0, 0, 0, 1, -14.2559, 9.07787, -29.6032 )

[node name="Plane_tree_pink_6" parent="Tree" instance=ExtResource( 7 )]
transform = Transform( 1, 0, 0, 0, 1, 0, 0, 0, 1, -47.034, 9.07787, -20.6489 )

[node name="Plane_tree_pink_7" parent="Tree" instance=ExtResource( 7 )]
transform = Transform( 1, 0, 0, 0, 1, 0, 0, 0, 1, 52.9347, 9.07787, -60.3778 )

[node name="Plane_tree_pink_8" parent="Tree" instance=ExtResource( 7 )]
transform = Transform( 1, 0, 0, 0, 1, 0, 0, 0, 1, 230.939, 9.07787, -246.993 )

[node name="Plane_tree_pink_9" parent="Tree" instance=ExtResource( 7 )]
transform = Transform( 1, 0, 0, 0, 1, 0, 0, 0, 1, 243.766, 9.07787, -292.605 )

[node name="Plane_tree_pink_10" parent="Tree" instance=ExtResource( 7 )]
transform = Transform( 1, 0, 0, 0, 1, 0, 0, 0, 1, 289.103, 9.07787, -311.611 )

[node name="Plane_tree_pink_11" parent="Tree" instance=ExtResource( 7 )]
transform = Transform( 1, 0, 0, 0, 1, 0, 0, 0, 1, 171.219, 9.07787, -189.25 )

[node name="Plane_tree_pink_12" parent="Tree" instance=ExtResource( 7 )]
transform = Transform( 1, 0, 0, 0, 1, 0, 0, 0, 1, 39.0299, 61.3142, -350.185 )

[node name="Plane_tree_pink_13" parent="Tree" instance=ExtResource( 7 )]
transform = Transform( 1, 0, 0, 0, 1, 0, 0, 0, 1, -39.0724, 61.3142, -268.829 )

[node name="Plane_tree_pink_14" parent="Tree" instance=ExtResource( 7 )]
transform = Transform( 1, 0, 0, 0, 1, 0, 0, 0, 1, 84.2279, 61.3142, -384.536 )

[node name="Plane_tree_pink_15" parent="Tree" instance=ExtResource( 7 )]
transform = Transform( 1, 0, 0, 0, 1, 0, 0, 0, 1, 157.991, 61.3142, -453.96 )

[node name="Tree_Green_Plane51" parent="Tree" instance=ExtResource( 9 )]
transform = Transform( 0.999165, 0, -0.0408642, 0, 1, 0, 0.0408642, 0, 0.999165, 313.027, 126.247, -656.72 )

[node name="Tree_Green_Plane52" parent="Tree" instance=ExtResource( 9 )]
transform = Transform( 0.999165, 0, -0.0408642, 0, 1, 0, 0.0408642, 0, 0.999165, 299.036, 126.247, -625.646 )

[node name="Tree_Green_Plane53" parent="Tree" instance=ExtResource( 9 )]
transform = Transform( 0.999165, 0, -0.0408642, 0, 1, 0, 0.0408642, 0, 0.999165, 286.095, 126.247, -618.938 )

[node name="Tree_Green_Plane54" parent="Tree" instance=ExtResource( 9 )]
transform = Transform( 0.999165, 0, -0.0408642, 0, 1, 0, 0.0408642, 0, 0.999165, 273.671, 126.247, -607.142 )

[node name="Tree_Green_Plane55" parent="Tree" instance=ExtResource( 9 )]
transform = Transform( 0.999165, 0, -0.0408642, 0, 1, 0, 0.0408642, 0, 0.999165, 267.403, 126.247, -595.456 )

[node name="Tree_Green_Plane56" parent="Tree" instance=ExtResource( 9 )]
transform = Transform( 0.999165, 0, -0.0408642, 0, 1, 0, 0.0408642, 0, 0.999165, 255.347, 126.247, -581.367 )

[node name="Tree_Green_Plane57" parent="Tree" instance=ExtResource( 9 )]
transform = Transform( 0.999165, 0, -0.0408642, 0, 1, 0, 0.0408642, 0, 0.999165, 236.711, 126.247, -565.686 )

[node name="Tree_Green_Plane58" parent="Tree" instance=ExtResource( 9 )]
transform = Transform( 0.999165, 0, -0.0408642, 0, 1, 0, 0.0408642, 0, 0.999165, 222.486, 126.247, -551.685 )

[node name="Plane_tree_66" parent="Tree" instance=ExtResource( 4 )]
transform = Transform( 0.999165, 0, -0.0408642, 0, 1, 0, 0.0408642, 0, 0.999165, 306.876, 126.571, -637.393 )

[node name="Plane_tree_67" parent="Tree" instance=ExtResource( 4 )]
transform = Transform( 0.999165, 0, -0.0408642, 0, 1, 0, 0.0408642, 0, 0.999165, 286.022, 126.571, -624.182 )

[node name="Plane_tree_68" parent="Tree" instance=ExtResource( 4 )]
transform = Transform( 0.999165, 0, -0.0408642, 0, 1, 0, 0.0408642, 0, 0.999165, 264.006, 126.571, -601.644 )

[node name="Plane_tree_69" parent="Tree" instance=ExtResource( 4 )]
transform = Transform( 0.999165, 0, -0.0408642, 0, 1, 0, 0.0408642, 0, 0.999165, 254.104, 126.571, -588.768 )

[node name="Plane_tree_70" parent="Tree" instance=ExtResource( 4 )]
transform = Transform( 0.999165, 0, -0.0408642, 0, 1, 0, 0.0408642, 0, 0.999165, 240.987, 126.571, -573.678 )

[node name="Plane_tree_71" parent="Tree" instance=ExtResource( 4 )]
transform = Transform( 0.999165, 0, -0.0408642, 0, 1, 0, 0.0408642, 0, 0.999165, 221.533, 126.571, -556.504 )

[node name="Plane_tree_72" parent="Tree" instance=ExtResource( 4 )]
transform = Transform( 0.999165, 0, -0.0408642, 0, 1, 0, 0.0408642, 0, 0.999165, 244.043, 126.571, -585.079 )

[node name="Plane_tree_pink_22" parent="Tree" instance=ExtResource( 7 )]
transform = Transform( 0.999165, 0, -0.0408642, 0, 1, 0, 0.0408642, 0, 0.999165, 217.526, 126.247, -568.821 )

[node name="Plane_tree_pink_23" parent="Tree" instance=ExtResource( 7 )]
transform = Transform( 0.999165, 0, -0.0408642, 0, 1, 0, 0.0408642, 0, 0.999165, 294.064, 126.247, -635.173 )

[node name="Tree_Green_Plane59" parent="Tree" instance=ExtResource( 9 )]
transform = Transform( 0.999165, 0, -0.0408642, 0, 1, 0, 0.0408642, 0, 0.999165, 398.846, 126.247, -749.864 )

[node name="Tree_Green_Plane60" parent="Tree" instance=ExtResource( 9 )]
transform = Transform( 0.999165, 0, -0.0408642, 0, 1, 0, 0.0408642, 0, 0.999165, 384.854, 126.247, -718.79 )

[node name="Tree_Green_Plane61" parent="Tree" instance=ExtResource( 9 )]
transform = Transform( 0.999165, 0, -0.0408642, 0, 1, 0, 0.0408642, 0, 0.999165, 371.914, 126.247, -712.082 )

[node name="Tree_Green_Plane62" parent="Tree" instance=ExtResource( 9 )]
transform = Transform( 0.999165, 0, -0.0408642, 0, 1, 0, 0.0408642, 0, 0.999165, 359.489, 126.247, -700.286 )

[node name="Tree_Green_Plane63" parent="Tree" instance=ExtResource( 9 )]
transform = Transform( 0.999165, 0, -0.0408642, 0, 1, 0, 0.0408642, 0, 0.999165, 353.221, 126.247, -688.601 )

[node name="Tree_Green_Plane64" parent="Tree" instance=ExtResource( 9 )]
transform = Transform( 0.999165, 0, -0.0408642, 0, 1, 0, 0.0408642, 0, 0.999165, 341.165, 126.247, -674.511 )

[node name="Tree_Green_Plane65" parent="Tree" instance=ExtResource( 9 )]
transform = Transform( 0.999165, 0, -0.0408642, 0, 1, 0, 0.0408642, 0, 0.999165, 322.529, 126.247, -658.83 )

[node name="Tree_Green_Plane66" parent="Tree" instance=ExtResource( 9 )]
transform = Transform( 0.999165, 0, -0.0408642, 0, 1, 0, 0.0408642, 0, 0.999165, 308.305, 126.247, -644.83 )

[node name="Plane_tree_73" parent="Tree" instance=ExtResource( 4 )]
transform = Transform( 0.999165, 0, -0.0408642, 0, 1, 0, 0.0408642, 0, 0.999165, 392.695, 126.571, -730.538 )

[node name="Plane_tree_74" parent="Tree" instance=ExtResource( 4 )]
transform = Transform( 0.999165, 0, -0.0408642, 0, 1, 0, 0.0408642, 0, 0.999165, 371.841, 126.571, -717.327 )

[node name="Plane_tree_75" parent="Tree" instance=ExtResource( 4 )]
transform = Transform( 0.999165, 0, -0.0408642, 0, 1, 0, 0.0408642, 0, 0.999165, 349.824, 126.571, -694.789 )

[node name="Plane_tree_76" parent="Tree" instance=ExtResource( 4 )]
transform = Transform( 0.999165, 0, -0.0408642, 0, 1, 0, 0.0408642, 0, 0.999165, 339.923, 126.571, -681.912 )

[node name="Plane_tree_77" parent="Tree" instance=ExtResource( 4 )]
transform = Transform( 0.999165, 0, -0.0408642, 0, 1, 0, 0.0408642, 0, 0.999165, 326.805, 126.571, -666.823 )

[node name="Plane_tree_78" parent="Tree" instance=ExtResource( 4 )]
transform = Transform( 0.999165, 0, -0.0408642, 0, 1, 0, 0.0408642, 0, 0.999165, 307.352, 126.571, -649.648 )

[node name="Plane_tree_79" parent="Tree" instance=ExtResource( 4 )]
transform = Transform( 0.999165, 0, -0.0408642, 0, 1, 0, 0.0408642, 0, 0.999165, 329.862, 126.571, -678.224 )

[node name="Plane_tree_pink_24" parent="Tree" instance=ExtResource( 7 )]
transform = Transform( 0.999165, 0, -0.0408642, 0, 1, 0, 0.0408642, 0, 0.999165, 303.344, 126.247, -661.966 )

[node name="Plane_tree_pink_25" parent="Tree" instance=ExtResource( 7 )]
transform = Transform( 0.999165, 0, -0.0408642, 0, 1, 0, 0.0408642, 0, 0.999165, 379.883, 126.247, -728.317 )

[node name="Tree_Green_Plane67" parent="Tree" instance=ExtResource( 9 )]
transform = Transform( 0.902856, 0, 0.429944, 0, 1, 0, -0.429944, 0, 0.902856, 451.664, 126.247, -890.19 )

[node name="Tree_Green_Plane68" parent="Tree" instance=ExtResource( 9 )]
transform = Transform( 0.902856, 0, 0.429944, 0, 1, 0, -0.429944, 0, 0.902856, 453.784, 126.247, -856.178 )

[node name="Tree_Green_Plane69" parent="Tree" instance=ExtResource( 9 )]
transform = Transform( 0.902856, 0, 0.429944, 0, 1, 0, -0.429944, 0, 0.902856, 445.466, 126.247, -844.208 )

[node name="Tree_Green_Plane70" parent="Tree" instance=ExtResource( 9 )]
transform = Transform( 0.902856, 0, 0.429944, 0, 1, 0, -0.429944, 0, 0.902856, 439.979, 126.247, -827.978 )

[node name="Tree_Green_Plane71" parent="Tree" instance=ExtResource( 9 )]
transform = Transform( 0.902856, 0, 0.429944, 0, 1, 0, -0.429944, 0, 0.902856, 439.886, 126.247, -814.718 )

[node name="Tree_Green_Plane72" parent="Tree" instance=ExtResource( 9 )]
transform = Transform( 0.902856, 0, 0.429944, 0, 1, 0, -0.429944, 0, 0.902856, 435.795, 126.247, -796.632 )

[node name="Tree_Green_Plane73" parent="Tree" instance=ExtResource( 9 )]
transform = Transform( 0.902856, 0, 0.429944, 0, 1, 0, -0.429944, 0, 0.902856, 426.625, 126.247, -774.067 )

[node name="Tree_Green_Plane74" parent="Tree" instance=ExtResource( 9 )]
transform = Transform( 0.902856, 0, 0.429944, 0, 1, 0, -0.429944, 0, 0.902856, 420.574, 126.247, -755.048 )

[node name="Plane_tree_80" parent="Tree" instance=ExtResource( 4 )]
transform = Transform( 0.902856, 0, 0.429944, 0, 1, 0, -0.429944, 0, 0.902856, 455.239, 126.571, -870.226 )

[node name="Plane_tree_81" parent="Tree" instance=ExtResource( 4 )]
transform = Transform( 0.902856, 0, 0.429944, 0, 1, 0, -0.429944, 0, 0.902856, 442.955, 126.571, -848.812 )

[node name="Plane_tree_82" parent="Tree" instance=ExtResource( 4 )]
transform = Transform( 0.902856, 0, 0.429944, 0, 1, 0, -0.429944, 0, 0.902856, 433.995, 126.571, -818.607 )

[node name="Plane_tree_83" parent="Tree" instance=ExtResource( 4 )]
transform = Transform( 0.902856, 0, 0.429944, 0, 1, 0, -0.429944, 0, 0.902856, 431.243, 126.571, -802.598 )

[node name="Plane_tree_84" parent="Tree" instance=ExtResource( 4 )]
transform = Transform( 0.902856, 0, 0.429944, 0, 1, 0, -0.429944, 0, 0.902856, 426.679, 126.571, -783.132 )

[node name="Plane_tree_85" parent="Tree" instance=ExtResource( 4 )]
transform = Transform( 0.902856, 0, 0.429944, 0, 1, 0, -0.429944, 0, 0.902856, 417.483, 126.571, -758.866 )

[node name="Plane_tree_86" parent="Tree" instance=ExtResource( 4 )]
transform = Transform( 0.902856, 0, 0.429944, 0, 1, 0, -0.429944, 0, 0.902856, 424.064, 126.571, -794.642 )

[node name="Plane_tree_pink_26" parent="Tree" instance=ExtResource( 7 )]
transform = Transform( 0.902856, 0, 0.429944, 0, 1, 0, -0.429944, 0, 0.902856, 408.193, 126.247, -767.891 )

[node name="Plane_tree_pink_27" parent="Tree" instance=ExtResource( 7 )]
transform = Transform( 0.902856, 0, 0.429944, 0, 1, 0, -0.429944, 0, 0.902856, 444.942, 126.247, -862.285 )

[node name="Tree_Green_Plane75" parent="Tree" instance=ExtResource( 9 )]
transform = Transform( 0.994032, 0, -0.109092, 0, 1, 0, 0.109092, 0, 0.994032, 569.109, 126.247, -958.127 )

[node name="Tree_Green_Plane76" parent="Tree" instance=ExtResource( 9 )]
transform = Transform( 0.994032, 0, -0.109092, 0, 1, 0, 0.109092, 0, 0.994032, 553.026, 126.247, -928.083 )

[node name="Tree_Green_Plane77" parent="Tree" instance=ExtResource( 9 )]
transform = Transform( 0.994032, 0, -0.109092, 0, 1, 0, 0.109092, 0, 0.994032, 539.656, 126.247, -922.275 )

[node name="Tree_Green_Plane78" parent="Tree" instance=ExtResource( 9 )]
transform = Transform( 0.994032, 0, -0.109092, 0, 1, 0, 0.109092, 0, 0.994032, 526.454, 126.247, -911.356 )

[node name="Tree_Green_Plane79" parent="Tree" instance=ExtResource( 9 )]
transform = Transform( 0.994032, 0, -0.109092, 0, 1, 0, 0.109092, 0, 0.994032, 519.402, 126.247, -900.127 )

[node name="Tree_Green_Plane80" parent="Tree" instance=ExtResource( 9 )]
transform = Transform( 0.994032, 0, -0.109092, 0, 1, 0, 0.109092, 0, 0.994032, 506.411, 126.247, -886.895 )

[node name="Tree_Green_Plane81" parent="Tree" instance=ExtResource( 9 )]
transform = Transform( 0.994032, 0, -0.109092, 0, 1, 0, 0.109092, 0, 0.994032, 486.746, 126.247, -872.525 )

[node name="Tree_Green_Plane82" parent="Tree" instance=ExtResource( 9 )]
transform = Transform( 0.994032, 0, -0.109092, 0, 1, 0, 0.109092, 0, 0.994032, 471.598, 126.247, -859.53 )

[node name="Plane_tree_87" parent="Tree" instance=ExtResource( 4 )]
transform = Transform( 0.994032, 0, -0.109092, 0, 1, 0, 0.109092, 0, 0.994032, 561.651, 126.571, -939.266 )

[node name="Plane_tree_88" parent="Tree" instance=ExtResource( 4 )]
transform = Transform( 0.994032, 0, -0.109092, 0, 1, 0, 0.109092, 0, 0.994032, 539.942, 126.571, -927.512 )

[node name="Plane_tree_89" parent="Tree" instance=ExtResource( 4 )]
transform = Transform( 0.994032, 0, -0.109092, 0, 1, 0, 0.109092, 0, 0.994032, 516.436, 126.571, -906.533 )

[node name="Plane_tree_90" parent="Tree" instance=ExtResource( 4 )]
transform = Transform( 0.994032, 0, -0.109092, 0, 1, 0, 0.109092, 0, 0.994032, 505.677, 126.571, -894.364 )

[node name="Plane_tree_91" parent="Tree" instance=ExtResource( 4 )]
transform = Transform( 0.994032, 0, -0.109092, 0, 1, 0, 0.109092, 0, 0.994032, 491.559, 126.571, -880.206 )

[node name="Plane_tree_92" parent="Tree" instance=ExtResource( 4 )]
transform = Transform( 0.994032, 0, -0.109092, 0, 1, 0, 0.109092, 0, 0.994032, 470.976, 126.571, -864.403 )

[node name="Plane_tree_93" parent="Tree" instance=ExtResource( 4 )]
transform = Transform( 0.994032, 0, -0.109092, 0, 1, 0, 0.109092, 0, 0.994032, 495.388, 126.571, -891.371 )

[node name="Plane_tree_pink_28" parent="Tree" instance=ExtResource( 7 )]
transform = Transform( 0.994032, 0, -0.109092, 0, 1, 0, 0.109092, 0, 0.994032, 467.82, 126.247, -876.965 )

[node name="Plane_tree_pink_29" parent="Tree" instance=ExtResource( 7 )]
transform = Transform( 0.994032, 0, -0.109092, 0, 1, 0, 0.109092, 0, 0.994032, 548.717, 126.247, -937.927 )

[node name="Tree_Green_Plane91" parent="Tree" instance=ExtResource( 9 )]
transform = Transform( 0.841039, 0, 0.540974, 0, 1, 0, -0.540974, 0, 0.841039, 638.517, 208.677, -1064.07 )

[node name="Plane_tree_105" parent="Tree" instance=ExtResource( 4 )]
transform = Transform( 0.841039, 0, 0.540974, 0, 1, 0, -0.540974, 0, 0.841039, 644.595, 209.001, -1044.72 )

[node name="Tree_Green_Plane92" parent="Tree" instance=ExtResource( 9 )]
transform = Transform( 0.999841, 0, 0.0178537, 0, 1, 0, -0.0178537, 0, 0.999841, 746.398, 208.677, -1146.35 )

[node name="Tree_Green_Plane93" parent="Tree" instance=ExtResource( 9 )]
transform = Transform( 0.999841, 0, 0.0178537, 0, 1, 0, -0.0178537, 0, 0.999841, 700.008, 208.677, -1113.86 )

[node name="Tree_Green_Plane94" parent="Tree" instance=ExtResource( 9 )]
transform = Transform( 0.999841, 0, 0.0178537, 0, 1, 0, -0.0178537, 0, 0.999841, 721.73, 208.677, -1107.05 )

[node name="Tree_Green_Plane95" parent="Tree" instance=ExtResource( 9 )]
transform = Transform( 0.999841, 0, 0.0178537, 0, 1, 0, -0.0178537, 0, 0.999841, 710.019, 208.677, -1094.55 )

[node name="Tree_Green_Plane96" parent="Tree" instance=ExtResource( 9 )]
transform = Transform( 0.999841, 0, 0.0178537, 0, 1, 0, -0.0178537, 0, 0.999841, 704.448, 208.677, -1082.51 )

[node name="Tree_Green_Plane97" parent="Tree" instance=ExtResource( 9 )]
transform = Transform( 0.999841, 0, 0.0178537, 0, 1, 0, -0.0178537, 0, 0.999841, 693.24, 208.677, -1067.74 )

[node name="Tree_Green_Plane98" parent="Tree" instance=ExtResource( 9 )]
transform = Transform( 0.999841, 0, 0.0178537, 0, 1, 0, -0.0178537, 0, 0.999841, 675.556, 208.677, -1050.99 )

[node name="Tree_Green_Plane99" parent="Tree" instance=ExtResource( 9 )]
transform = Transform( 0.999841, 0, 0.0178537, 0, 1, 0, -0.0178537, 0, 0.999841, 662.178, 208.677, -1036.18 )

[node name="Plane_tree_106" parent="Tree" instance=ExtResource( 4 )]
transform = Transform( 0.999841, 0, 0.0178537, 0, 1, 0, -0.0178537, 0, 0.999841, 741.392, 209.001, -1126.69 )

[node name="Plane_tree_107" parent="Tree" instance=ExtResource( 4 )]
transform = Transform( 0.999841, 0, 0.0178537, 0, 1, 0, -0.0178537, 0, 0.999841, 721.349, 209.001, -1112.28 )

[node name="Plane_tree_108" parent="Tree" instance=ExtResource( 4 )]
transform = Transform( 0.999841, 0, 0.0178537, 0, 1, 0, -0.0178537, 0, 0.999841, 700.694, 209.001, -1088.49 )

[node name="Plane_tree_109" parent="Tree" instance=ExtResource( 4 )]
transform = Transform( 0.999841, 0, 0.0178537, 0, 1, 0, -0.0178537, 0, 0.999841, 691.565, 209.001, -1075.05 )

[node name="Plane_tree_110" parent="Tree" instance=ExtResource( 4 )]
transform = Transform( 0.999841, 0, 0.0178537, 0, 1, 0, -0.0178537, 0, 0.999841, 679.356, 209.001, -1059.22 )

[node name="Plane_tree_111" parent="Tree" instance=ExtResource( 4 )]
transform = Transform( 0.999841, 0, 0.0178537, 0, 1, 0, -0.0178537, 0, 0.999841, 660.944, 209.001, -1040.93 )

[node name="Plane_tree_112" parent="Tree" instance=ExtResource( 4 )]
transform = Transform( 0.999841, 0, 0.0178537, 0, 1, 0, -0.0178537, 0, 0.999841, 681.738, 209.001, -1070.78 )

[node name="Plane_tree_pink_32" parent="Tree" instance=ExtResource( 7 )]
transform = Transform( 0.999841, 0, 0.0178537, 0, 1, 0, -0.0178537, 0, 0.999841, 656.22, 208.677, -1052.99 )

[node name="Plane_tree_pink_34" parent="Tree" instance=ExtResource( 7 )]
transform = Transform( 0.999841, 0, 0.0178537, 0, 1, 0, -0.0178537, 0, 0.999841, 622.224, 208.677, -997.932 )

[node name="Plane_tree_pink_35" parent="Tree" instance=ExtResource( 7 )]
transform = Transform( 0.999841, 0, 0.0178537, 0, 1, 0, -0.0178537, 0, 0.999841, 570.151, 208.677, -1030.76 )

[node name="Plane_tree_pink_36" parent="Tree" instance=ExtResource( 7 )]
transform = Transform( 0.999841, 0, 0.0178537, 0, 1, 0, -0.0178537, 0, 0.999841, 589.957, 208.677, -1009.66 )

[node name="Plane_tree_pink_37" parent="Tree" instance=ExtResource( 7 )]
transform = Transform( 0.999841, 0, 0.0178537, 0, 1, 0, -0.0178537, 0, 0.999841, 636.327, 208.677, -1014.74 )

[node name="Plane_tree_pink_38" parent="Tree" instance=ExtResource( 7 )]
transform = Transform( 0.999841, 0, 0.0178537, 0, 1, 0, -0.0178537, 0, 0.999841, 601.717, 208.677, -1025.87 )

[node name="Plane_tree_pink_33" parent="Tree" instance=ExtResource( 7 )]
transform = Transform( 0.999841, 0, 0.0178537, 0, 1, 0, -0.0178537, 0, 0.999841, 728.732, 208.677, -1123.72 )

[node name="Tree_Green_Plane100" parent="Tree" instance=ExtResource( 9 )]
transform = Transform( 0.754526, 0, 0.65627, 0, 1, 0, -0.65627, 0, 0.754526, 737.572, 208.677, -1183.46 )

[node name="Plane_tree_113" parent="Tree" instance=ExtResource( 4 )]
transform = Transform( 0.754526, 0, 0.65627, 0, 1, 0, -0.65627, 0, 0.754526, 746.369, 209.001, -1165.18 )

[node name="Tree_Green_Plane101" parent="Tree" instance=ExtResource( 9 )]
transform = Transform( 0.986887, 0, 0.161414, 0, 1, 0, -0.161414, 0, 0.986887, 832.503, 208.677, -1280.4 )

[node name="Tree_Green_Plane102" parent="Tree" instance=ExtResource( 9 )]
transform = Transform( 0.986887, 0, 0.161414, 0, 1, 0, -0.161414, 0, 0.986887, 791.265, 208.677, -1241.58 )

[node name="Tree_Green_Plane103" parent="Tree" instance=ExtResource( 9 )]
transform = Transform( 0.986887, 0, 0.161414, 0, 1, 0, -0.161414, 0, 0.986887, 813.74, 208.677, -1237.96 )

[node name="Tree_Green_Plane104" parent="Tree" instance=ExtResource( 9 )]
transform = Transform( 0.986887, 0, 0.161414, 0, 1, 0, -0.161414, 0, 0.986887, 803.949, 208.677, -1223.9 )

[node name="Tree_Green_Plane105" parent="Tree" instance=ExtResource( 9 )]
transform = Transform( 0.986887, 0, 0.161414, 0, 1, 0, -0.161414, 0, 0.986887, 800.166, 208.677, -1211.19 )

[node name="Tree_Green_Plane106" parent="Tree" instance=ExtResource( 9 )]
transform = Transform( 0.986887, 0, 0.161414, 0, 1, 0, -0.161414, 0, 0.986887, 791.198, 208.677, -1194.96 )

[node name="Tree_Green_Plane107" parent="Tree" instance=ExtResource( 9 )]
transform = Transform( 0.986887, 0, 0.161414, 0, 1, 0, -0.161414, 0, 0.986887, 776.106, 208.677, -1175.85 )

[node name="Tree_Green_Plane108" parent="Tree" instance=ExtResource( 9 )]
transform = Transform( 0.986887, 0, 0.161414, 0, 1, 0, -0.161414, 0, 0.986887, 764.997, 208.677, -1159.27 )

[node name="Plane_tree_114" parent="Tree" instance=ExtResource( 4 )]
transform = Transform( 0.986887, 0, 0.161414, 0, 1, 0, -0.161414, 0, 0.986887, 830.374, 209.001, -1260.23 )

[node name="Plane_tree_115" parent="Tree" instance=ExtResource( 4 )]
transform = Transform( 0.986887, 0, 0.161414, 0, 1, 0, -0.161414, 0, 0.986887, 812.612, 209.001, -1243.08 )

[node name="Plane_tree_116" parent="Tree" instance=ExtResource( 4 )]
transform = Transform( 0.986887, 0, 0.161414, 0, 1, 0, -0.161414, 0, 0.986887, 795.591, 209.001, -1216.57 )

[node name="Plane_tree_117" parent="Tree" instance=ExtResource( 4 )]
transform = Transform( 0.986887, 0, 0.161414, 0, 1, 0, -0.161414, 0, 0.986887, 788.489, 209.001, -1201.96 )

[node name="Plane_tree_118" parent="Tree" instance=ExtResource( 4 )]
transform = Transform( 0.986887, 0, 0.161414, 0, 1, 0, -0.161414, 0, 0.986887, 778.683, 209.001, -1184.54 )

[node name="Plane_tree_119" parent="Tree" instance=ExtResource( 4 )]
transform = Transform( 0.986887, 0, 0.161414, 0, 1, 0, -0.161414, 0, 0.986887, 763.091, 209.001, -1163.79 )

[node name="Plane_tree_120" parent="Tree" instance=ExtResource( 4 )]
transform = Transform( 0.986887, 0, 0.161414, 0, 1, 0, -0.161414, 0, 0.986887, 779.378, 209.001, -1196.32 )

[node name="Plane_tree_pink_39" parent="Tree" instance=ExtResource( 7 )]
transform = Transform( 0.986887, 0, 0.161414, 0, 1, 0, -0.161414, 0, 0.986887, 756.683, 208.677, -1175.05 )

[node name="Plane_tree_pink_40" parent="Tree" instance=ExtResource( 7 )]
transform = Transform( 0.986887, 0, 0.161414, 0, 1, 0, -0.161414, 0, 0.986887, 818.273, 208.677, -1255.47 )

[node name="Tree_Green_Plane109" parent="Tree" instance=ExtResource( 9 )]
transform = Transform( 0.754526, 0, 0.65627, 0, 1, 0, -0.65627, 0, 0.754526, 829.497, 208.677, -1305.3 )

[node name="Plane_tree_121" parent="Tree" instance=ExtResource( 4 )]
transform = Transform( 0.754526, 0, 0.65627, 0, 1, 0, -0.65627, 0, 0.754526, 838.293, 209.001, -1287.02 )

[node name="Tree_Green_Plane110" parent="Tree" instance=ExtResource( 9 )]
transform = Transform( 0.986887, 0, 0.161414, 0, 1, 0, -0.161414, 0, 0.986887, 924.427, 208.677, -1402.23 )

[node name="Tree_Green_Plane111" parent="Tree" instance=ExtResource( 9 )]
transform = Transform( 0.986887, 0, 0.161414, 0, 1, 0, -0.161414, 0, 0.986887, 883.189, 208.677, -1363.42 )

[node name="Tree_Green_Plane112" parent="Tree" instance=ExtResource( 9 )]
transform = Transform( 0.986887, 0, 0.161414, 0, 1, 0, -0.161414, 0, 0.986887, 905.665, 208.677, -1359.8 )

[node name="Tree_Green_Plane113" parent="Tree" instance=ExtResource( 9 )]
